Interval,Open,High,Low,Close,Volume
0,418.59189628424554,418.89632668006647,418.5613467402875,418.85806903313284,0.0
1,419.04269084806117,419.322368113398,418.71107291695864,418.7125872264526,2103539.221572275
2,419.0264161133991,420.14299564581097,418.6220311789178,420.12416160271744,608969.844913939
3,420.4695873369129,420.8836401738508,418.9285102730708,419.11514249365285,2413890.4303955054
4,419.2617479595506,419.5221345768346,417.79449916498965,418.0588523609547,339706.40394964104
5,417.9756998461909,418.3930405310499,415.42813894553365,415.7799434188233,905880.7322017865
6,415.7811183980702,416.07692964336314,415.4311069380365,415.89329753580506,1158939.7057430206
7,415.99860166042833,416.61659742190153,415.8589073874184,416.60263200536025,2260347.2588003064
8,416.92578338316207,417.18664870762706,414.1584282871124,414.3316611646979,278134.16824306827
9,413.9173295035332,416.27202570738353,413.6009749914697,416.2114003927333,487491.25322301313
10,416.0296987794084,417.16051119626803,415.82384385754256,416.951465161354,1132722.0672942651
11,417.19941801454917,417.28945480632507,415.99200137723074,416.3265689480597,1795208.946339627
12,415.9210818753639,418.5066488960782,415.8658090318764,418.21535867058583,1482174.1459075822
13,418.4765884368294,420.14075728730757,418.08054473945896,420.11271745135133,1306845.4646539479
14,419.98548734476145,420.075391209678,419.30788011690885,419.64364880758444,2259415.5746131577
15,419.89440514255153,419.95700365398875,418.3915477288572,418.49217891113983,735313.437585368
16,418.3992670514175,418.701036141011,418.08311162537075,418.12875365028003,1810257.9927434234
17,418.17898211159115,418.29547985398324,416.46088684531355,416.7068996890634,1371091.570779768
18,416.60273265605775,417.45127777350365,416.1993863533944,417.23706145588903,1903006.2247263805
19,416.8723707579394,419.4661215253167,416.67034685352843,419.12998189939117,160379.8922097521
20,418.9799978903311,419.6828830780738,418.69842569692673,419.3163969141939,2616956.467794801
21,418.8970805172797,420.95311937221874,418.5061856159677,420.8048797353987,0.0
22,420.84843936880156,422.94898056350274,420.76856148551326,422.713986651254,898270.8361935855
23,423.1367006379052,423.41935351243404,421.5003242198038,421.63110701826974,1512424.4430532944
24,421.2094759112515,423.702958630875,420.9337334180954,423.54396236076116,104973.19685320114
25,423.9675063231219,424.2562124353822,423.03370636461165,423.316549136843,226533.72372092528
26,422.8932325877061,425.00679009380843,422.83575523036836,424.7021254407993,766791.0600105205
27,424.27742331535853,424.6009831022915,422.61261622297434,422.69401664068454,420026.9646165052
28,422.3779110633111,422.77548034351224,420.0241773094395,420.38984064042086,1054431.5280375772
29,420.81023048106124,420.9080083474338,419.98915834551116,420.0223858091476,1332404.7302883859
30,419.60236342333843,420.5114280705815,419.2799371679155,420.298672052599,70311.28864435107
31,420.15237136238113,422.24716742321726,419.9887108228674,422.205482406236,1405948.8555452167
32,422.0532692738447,422.1143549372127,421.6995018872996,421.8204196955062,0.0
33,421.9232971392229,422.29158209058807,420.73451673044514,420.8298530752639,1183290.4496550534
34,421.2506829283391,421.4917582777697,419.2539843764371,419.36653186723197,160267.6606843461
35,419.26080941402665,419.27996823232866,417.5368704195168,417.95218563318133,356429.57118850667
36,418.3661179822643,418.5966363669693,417.3065564508175,417.5591408354968,2410459.04845115
37,417.97669997633227,418.2738237263735,416.20475911646673,416.45979345594196,73198.25109897903
38,416.6444828045141,416.9121335920858,416.0235445462547,416.3431870576734,681428.363545337
39,416.451576680634,416.7442171586291,415.17573013444326,415.2529336071841,2267657.7543221954
40,415.18667313891706,415.5120233407538,414.78990834659965,415.4901886360498,0.0
41,415.9056788246858,416.1475915200202,414.3392423547952,414.58930431997686,525729.7430215784
42,414.8978081081698,414.98208546605804,412.148253448634,412.3293084663044,813522.0494099486
43,412.12162552093406,414.26872098046323,411.93513581150637,414.07752276779695,3619927.0237817545
44,414.2971613133299,414.6787122902191,414.26255522408684,414.4374007188464,0.0
45,414.5196262411596,414.84702243358015,412.2661844344466,412.5384164330038,2608891.690767488
46,412.95095484943676,413.08096133193925,412.4226160417687,412.58906623553463,3198677.4381713695
47,412.4707378314309,412.55438907848657,412.26772908221415,412.3000406063326,2141131.262789063
48,412.262588116172,412.6167452527066,411.21710830534903,411.4193781684008,2026662.5470080106
49,411.44006259857383,412.9970291384038,411.34388729147753,412.70089154636133,1001475.6241332262
50,412.28819065481497,414.02384832441663,412.00464188221264,413.7434951958524,1691955.4185817856
51,413.3297517006566,415.79252628895733,413.0536162105841,415.6205660334464,917916.3226692377
52,415.4619512091557,415.6690413237263,414.79838991365114,415.03785027067926,1752593.8971745935
53,414.8346218941468,415.0059873878326,414.55328923578213,414.6746808356603,1420581.083360927
54,414.2600061548246,414.51545713618674,412.2946786250985,412.70620645222795,814025.7854922803
55,412.68209153910067,412.7440119013589,410.34435491117466,410.4564756809607,1175437.162259114
56,410.0460192052797,410.5215274703367,409.73441490632644,410.4150508524894,0.0
57,410.40501981160384,410.6444949809382,408.46832508519145,408.5129846170292,927614.3064620261
58,408.4295319763754,409.57972131837124,408.15416425530606,409.27763409514426,1124466.5135066758
59,408.88691393497567,411.4290428427745,408.8443152836524,411.13444422112775,2206524.366174882
60,410.8984378516632,411.59262125854855,410.6445448804092,411.28269721434276,2770518.072216367
61,411.6756129028853,411.91685417605765,411.28779018234707,411.4700149690933,1452700.7910594936
62,411.88148498406235,413.30495376160593,411.5906382025959,413.30086532084533,1374443.7580264478
63,413.7115076113624,415.43682285531025,413.31291457817304,415.1759280359193,304959.0347073497
64,415.3373919564193,415.672144137654,414.61157281959834,414.78017146728695,1293539.0376823146
65,414.779791165721,414.8125925793866,412.16235661007477,412.5191351647726,1043633.1307095066
66,412.10661602960784,412.1861394353309,410.7975752062129,410.87968565264674,0.0
67,410.976412001225,413.09180780121324,410.6949839770997,412.743763963614,1132071.633684566
68,412.4595461020882,413.4879877753742,412.1977100427133,413.1508188107901,1049740.6630046295
69,412.7589753021129,413.2728341361624,412.59645403419427,413.19902996532034,1645918.1440639053
70,412.9183408320301,414.3282597001985,412.8408324446275,414.25855219864115,0.0
71,413.8442936464425,416.24869727328945,413.81047551697566,416.1379597460345,2343803.4155662693
72,416.40807525188984,416.4820018019211,415.7598786887936,416.17538643138,1570384.6767957755
73,416.59156181781134,418.1636019921925,416.56174729914125,418.06349026930246,334984.45980607055
74,418.0098563135109,418.3711782470038,416.89685047720735,417.0971527012106,511949.4933244508
75,416.90053010576287,419.0260577611061,416.7828746756671,418.7945740075525,3170818.3707071007
76,418.94156842926975,419.0339526946363,416.62199836551713,416.7589845074669,1076739.3753946128
77,417.0080951671225,417.20992146829747,414.272942976575,414.6675150265671,1419542.687467619
78,414.3718089974963,416.7696186705589,414.0731209479031,416.5487779558743,2137447.144282952
79,416.1322291779184,416.3570754280887,414.97493104956527,415.21412267830914,2737492.4442793196
80,414.7989085556308,417.44328454961055,414.54717366250554,417.0978654563501,938573.0173085055
81,416.8135904240356,417.2035452847435,415.70888970012504,416.01850211601953,1474477.5238266706
82,416.4345206181355,416.9099442420807,416.29108385806126,416.677672930495,168191.75637410965
83,416.441772233085,418.9500864439481,416.1725583121736,418.5680555410159,1426610.839696158
84,418.4484269946464,418.6134998329586,416.6876847162868,417.0845045824863,452329.32693410653
85,417.50158908706874,417.5531326190695,416.48560372785767,416.76201037668835,2343737.475900815
86,416.4927928271181,418.75392019034683,416.0932832618274,418.6527756092023,899609.3268832715
87,418.2341228335931,418.4240963954011,416.15644337365563,416.37062909180196,1684771.8152967114
88,416.1042834164698,416.14926942912,413.87802544788207,414.10092293794463,840741.2483193222
89,413.68682201500667,416.07972688183133,413.6328313536199,415.9796153531562,2150221.826779511
90,415.60928397773836,415.6302889453505,414.23337742521056,414.5505415736173,1243123.554097857
91,414.18867597096335,414.5437741237971,414.0152050386735,414.4242160403907,1470674.4287681477
92,414.74919448547706,414.8955458229846,413.7457411984982,413.9678944304018,1593887.4513137592
93,414.21169174897483,414.2213747810118,412.3152776700234,412.60557194113284,1520857.1211885493
94,412.70725976238083,414.0268985283051,412.48878050861913,413.91858342746696,1487659.3062171226
95,413.5046648440395,415.3386468298472,413.198971383232,415.2582211476971,1029368.8678383393
96,415.33520076757543,415.9159141496894,414.99857170596806,415.88734713837215,1227039.3689811653
97,415.47145979123377,415.7835304085663,414.21152284317327,414.47211066498454,1252293.9604641502
98,414.05763855431957,414.11930612617215,413.43041050885637,413.4314124213348,917376.8482951843
99,413.7458254113544,413.7771231401097,410.9994331242426,411.17772843066183,0.0
100,411.3273832512377,411.55287538682813,410.12173521136503,410.4989578704423,710925.919646411
101,410.9094568283127,411.2181488692738,408.7055018705644,409.02954744696024,2105433.2286846633
102,408.77666733046937,408.8422774903114,407.5473615174503,407.62431667981593,2542256.678648739
103,407.22517822347123,409.19662539975883,406.96782947622677,408.9266945333498,0.0
104,408.6982256427795,410.52470197908093,408.5878930492183,410.22863339368064,601324.7341469163
105,410.35445572802627,412.30747351405586,409.9603061692389,412.0694485501409,3099085.876845863
106,412.1555340956516,413.9541435825066,412.1479585720515,413.9389245755483,1441526.591531465
107,414.3528635001238,414.4993139244748,413.0310869807986,413.2949085120866,178049.51570495102
108,412.88161360357446,415.0725744135329,412.5200016643513,414.87955391496257,2529866.356281082
109,415.06103126510294,415.3617171186142,412.3688833274821,412.6179758620525,1156333.761791471
110,412.86081192944044,412.8765552310551,411.959286542287,412.3608422586928,0.0
111,412.7674645344675,414.6074612469576,412.5692079362097,414.2316402786184,40147.629036103375
112,414.1508091087858,416.15064722454537,413.91747562148356,416.1109257320553,0.0
113,415.6948148063233,416.04725496299665,415.16166794230446,415.2127632469766,934310.8188441731
114,415.61960726724044,416.14320017152284,415.36207908709065,415.9938290116667,1371336.631653506
115,415.57783518265506,415.79980155130204,413.59758162247516,413.72617685826214,1268498.7358177733
116,413.5215249451155,415.28095308331586,413.3773965913514,414.9383537384833,1308446.7566989758
117,414.5234153847448,414.8640469279601,413.7056175199064,413.9240352040197,0.0
118,414.0710006562992,414.22175245713925,412.60395473995646,412.7863623550185,0.0
119,412.8442655895426,413.4279296152134,412.46484448203773,413.2086918898259,2663758.5787844765
120,413.44162155258516,413.6486166086076,410.880627994566,410.9562219861361,393682.88258598244
121,411.36353982882815,411.49177684271683,409.68622643672444,409.783888118022,425062.1337077868
122,409.831585445034,410.23994388947534,408.91053879536094,409.20834451941545,2799340.0512002576
123,408.79913617489603,408.81913502039953,406.90139499101036,406.97768118038175,1003003.8072375486
124,406.65872849897346,406.95381761411585,404.6075618558321,404.75917756144844,1333516.604109932
125,404.66554165291257,404.94018363006205,402.18325692250266,402.5527673779413,1170196.516918982
126,402.2611402623755,402.78052401289443,402.09965857971775,402.4831716381353,2585114.1103462977
127,402.0806884664971,402.298973656389,400.988985049678,401.18790584501016,1466895.1521450751
128,400.79450149419495,401.0694430242787,399.55767368757574,399.5702787565742,0.0
129,399.57420608039814,399.65007682015596,399.0100482064395,399.08615539299694,320092.1505797722
130,399.4852415483899,399.5658249666643,397.7980441953879,398.0288251541613,592294.2684892237
131,398.42685397931547,398.665440175944,397.0928553890991,397.42917809085384,2712608.2468166105
132,397.061222468127,397.84228128853573,396.6974389045244,397.45894743773437,2850444.5788014224
133,397.06148849029665,397.14039969285136,395.7733719243276,395.91768780290437,1230378.3793405474
134,395.52177011510145,396.3215210362151,395.21602913400784,396.01618585942197,983721.193423123
135,396.41220204528133,396.58837516348467,393.78628955498027,393.9292908052344,428661.95393524785
136,393.5822919562454,393.9082151039401,392.3035124127244,392.38040304970554,2538603.4078675187
137,391.98802264665585,392.16439835829954,390.19289579174307,390.24147164285415,2435323.6222005785
138,390.43078369031934,390.6663462362158,389.5198511527986,389.90526407239525,2921408.165882171
139,389.6827868807333,390.02927145442686,387.73966263240857,387.7798250633643,16750.415213548113
140,387.5898756337647,387.86620979957496,387.2091910153774,387.5649541857063,1059664.6624961868
141,387.952519139892,388.1202208583502,387.34322232124777,387.54115176929326,2137618.298184321
142,387.6014098187695,389.37329564583564,387.39331993633226,388.99244120791263,2343334.378609975
143,388.84988071645154,389.0132403935248,386.53861795706507,386.87197814946063,0.0
144,387.0074487133674,387.3723686634292,386.4929183181162,386.67866235952374,2615805.618341592
145,386.81747076384005,387.619479541098,386.5789151054093,387.5337185568227,324163.5855500619
146,387.92125227537946,388.14068235399196,387.7218941829354,388.0315765951979,712991.7286645817
147,388.2938560749985,389.4511002948599,387.978760469961,389.3120867523556,0.0
148,389.3428329316117,391.1117738335434,389.0347127341234,391.0783172145887,997492.1314473676
149,391.36251048458246,391.70582178033555,390.4658093326194,390.4842310090805,819952.1610619876
150,390.8268942386065,390.9506550461648,389.7930138821202,390.0485476833348,1451336.4693989423
151,390.4385962310181,390.46615624874124,389.205334095382,389.2073272471034,1662501.5203574596
152,389.18413930182356,389.6885911619786,389.0942600070785,389.6639052113838,1299393.2202368206
153,390.05356911659516,391.1379644783958,390.05049959177455,390.8900241929405,1163894.7976379846
154,390.49913416874756,390.73993135625926,389.417505897817,389.6519120179233,848422.5761707623
155,389.26226010590534,389.474158336473,388.5115483759693,388.58406818092175,894123.8703571713
156,388.1954841127408,389.0068959288501,387.885300731606,388.7743412125259,175786.75582937512
157,389.16311555373835,389.5220421056557,387.7203361400618,388.07867420483353,433702.9513582315
158,388.4667528790383,388.59240935140053,388.2011971875978,388.4088063723346,999504.4385938419
159,388.02039756596224,388.6786606014606,387.7322379618213,388.4210196851267,3245622.0511007668
160,388.49407220190795,388.76603505036866,386.1440289317712,386.30367154126304,407224.82198587083
161,386.3955251161401,387.18873891012385,386.1026856053806,386.9690209670365,1987425.1605279155
162,386.9742779725032,388.24059858805884,386.87688568609684,388.0086183373793,1056620.8133033693
163,387.6206097190419,388.08000432104404,387.5393306104416,388.0446385562895,1841929.2007872073
164,388.211229420245,388.45107804069227,386.27290906886407,386.4464292590191,2022982.8802028
165,386.2107452328791,388.04799888566686,385.9087260249238,387.6622419055103,454857.89766958146
166,387.767279212935,387.9299765091591,385.414490058394,385.54902998662385,2195859.2133886437
167,385.9345790166104,386.0438099076215,384.8149661054413,384.83728098368425,506172.7303988745
168,384.86137082828463,386.70776034123946,384.53626989598587,386.4229152632342,1396223.4062144456
169,386.036492347971,386.1016584030663,385.60374758785053,385.7173207805514,1368609.4562900788
170,385.8217747980501,387.26125365455493,385.7316218823794,387.03874640154356,836456.798275429
171,386.77553649769834,389.0662370876949,386.5634174167912,388.79466317685234,1330216.8400209364
172,388.4058685136755,388.9890586304567,388.2900655257956,388.8473931503479,1792582.038742887
173,389.1262362521456,389.4078426245928,386.42212671291264,386.8083476925216,756663.8149022325
174,387.19515604021404,388.5981681650479,387.0688283914447,388.56321919532996,752493.4767852917
175,388.95178241452527,388.9540399139694,387.0495382008536,387.0962025846016,1337946.3232783782
176,386.8556936252151,388.89604409336874,386.5316468863203,388.7866090785606,2066618.3454110795
177,388.94497328357994,389.2263936502503,388.2502054280578,388.5599939051005,849960.9938537462
178,388.3899758433034,390.5274718253202,388.30510082496613,390.32281227368827,599158.6161998508
179,389.9324894614146,390.1330533722994,388.5991014425493,388.8093025132216,1095509.3143303602
180,388.8911912546956,389.2519875840468,387.5872729826189,387.6742346242353,1778128.4377526832
181,387.28656038961105,388.752947073644,387.255332462562,388.5846862486962,0.0
182,388.81081285648236,388.8318261544688,387.592558884068,387.8524034734658,800918.585591467
183,387.7470870503516,389.67848691114585,387.6585473815434,389.61201164689743,1017418.8424700046
184,389.406522462898,389.8233699036484,389.28298739740893,389.45506720443456,775095.7278782018
185,389.0656121372301,391.41110834057696,388.7927094626552,391.22194634015756,0.0
186,391.6131682864977,391.642351047592,391.27630545546845,391.42126473778364,1190983.7414411441
187,391.02984347304584,392.03744076884385,390.90713598671795,392.0124737350183,1946388.8439416392
188,392.2723423279491,392.4987525978669,391.93852007787854,391.99597710692717,932845.660394425
189,391.6039811298202,392.19463842407987,391.2654200623215,391.9133397519304,680947.4093868214
190,392.28168626259594,392.6168020974578,389.41106153549487,389.77695438547454,0.0
191,389.96278173501327,390.29616043986164,389.508554214157,389.88353505278235,1453926.4852105803
192,389.79215797991606,391.0433169554616,389.67120603904624,390.66825900078595,1509948.3893842683
193,390.3643831800995,390.61522906332516,389.9209284581218,390.1255719429959,1024373.8231366724
194,389.7438722012277,390.8790396611786,389.4362988224444,390.54852164105364,220491.09408707067
195,390.2660322942998,391.67458827723027,390.09746222944045,391.3654121600875,773513.0062490517
196,391.06506945304216,392.5786919360588,390.8111396582937,392.27868061215423,1001889.0239965501
197,392.3112336882466,393.99919379701197,392.03642669080114,393.91586473223384,551691.8929553728
198,393.52194886750164,395.554731642613,393.2247649090846,395.19305704170523,1917974.6231244258
199,394.79786398466354,395.2813535899961,394.72316290743447,395.0972933829846,2532017.712229641
200,394.825066994221,395.91972126519124,394.61363120125645,395.56791779788233,847281.3264400254
201,395.4688719090266,397.0068965017685,395.31860775881376,396.63740051978345,10251.471560082631
202,396.24076311926365,396.5625369963063,395.5331482775871,395.9216265108469,1965693.1059497325
203,395.63125415402186,397.38992730328147,395.2369038453207,397.1670047389482,550032.704058736
204,397.12648235667535,399.33680994010604,396.9715764023225,398.96887138073583,1365158.7291198936
205,399.0609860688481,399.33571366413025,396.7928841391671,397.1450920712001,111516.82014971471
206,396.87969539997124,397.0202717527982,394.58903517180727,394.9801875451186,1418056.2723652408
207,394.9817903791729,395.3537678878357,392.7971165155141,392.87278537579937,547346.9641549917
208,392.47991259042357,393.62738204360966,392.36022095388626,393.3646576858135,2168779.3823476974
209,393.39599160523943,394.70833131476553,393.13678547078825,394.4548360207876,1667467.348666503
210,394.4490422242377,395.1823333014976,394.4151517564955,394.847138118071,1836091.0635782043
211,394.4522909799529,396.246582910971,394.3162684542399,396.1168226792849,2156726.1820150483
212,396.5129395019641,397.2303303355277,396.4245581841871,397.2145587689047,2814567.260235194
213,396.8173442101358,399.2336718446514,396.4582631076013,398.8598336805566,2296995.364295473
214,399.00114436295473,399.1512523716512,398.25976038681824,398.55075302049147,0.0
215,398.49001585996876,398.7999270168404,398.0974242553057,398.73598262637836,1335440.7490380895
216,399.1347186090047,399.2591973647082,397.8192306204425,398.21439534113324,322219.1875581499
217,398.3241958754558,399.842781544404,398.04233567249764,399.5261700792074,1482204.9058421906
218,399.8385657829041,400.17108412106677,399.0202092149651,399.0923250672318,1363318.0135941647
219,399.36641135196516,400.857273755018,399.14126127679543,400.55192034254185,2520898.42111616
220,400.4506350109912,400.6466869375635,399.7469619454203,399.9865372279767,635337.2701605239
221,399.9424078501684,400.05029352659363,398.8459582226997,398.99855160494377,1053704.0409230639
222,399.3975501565487,400.3115177334813,399.0010241485055,400.17263162381073,151488.52601877332
223,400.52491615782736,400.75813951924357,400.16613213352855,400.6864186624064,0.0
224,401.0871050810688,401.1232776183703,399.22300647114656,399.52705962361966,825324.8248061759
225,399.378289345528,399.52235291992264,397.6522291103407,397.7783953065447,429434.3454326055
226,397.5455458344767,397.63933022928643,396.57175012387665,396.7437148331248,2412948.3261320395
227,396.34697111829166,396.4380942623189,395.85032583870077,396.07997869270235,1515317.0176827726
228,395.69324479774696,397.9621915508254,395.4042554062498,397.67197187532577,430123.1861151991
229,397.2742999034504,397.5659877417782,396.31032971160363,396.3776318792029,1914149.7969557047
230,396.77400951108206,398.40930239923625,396.6511612070012,398.1759172954433,0.0
231,398.5402444090929,398.64013784698574,396.6442864711046,396.8159961234303,0.0
232,397.09575809473216,397.2931120168676,394.98963418827014,395.1117707368874,2204313.3768196907
233,395.42094617029164,395.68175416250807,394.29321410167387,394.3780838667995,267818.2752076043
234,393.9837057829327,395.96982928223935,393.603132545938,395.82029626626144,669984.6675410408
235,396.07855546202865,396.26032797683905,393.5109352833284,393.7276977222464,1081936.5596736353
236,393.94889137027536,395.7733366076245,393.7303708234802,395.4604957155565,794575.7214093243
237,395.855956211272,397.6156927848446,395.70379030197154,397.25462026989356,2340002.1854189206
238,397.28431614690845,398.9816213104471,397.2330184011139,398.7183671203272,1614705.4533606723
239,398.42782339279864,398.51671562327857,397.84408701899486,397.96359020872757,567230.162836049
240,397.9844683635668,398.30571756512086,396.93245145644516,397.25155805546285,2251608.162348688
241,396.8543064974074,399.074652821984,396.66613212337916,398.72034001456115,2146015.831505032
242,398.6637354847368,400.6180025525003,398.62157345593994,400.5292538253816,1219948.4650486237
243,400.4338511130282,401.3630418229293,400.3630951462973,401.204203038194,1637494.759664322
244,401.19630785933805,401.2001519371077,400.6298976246489,400.8489934217715,925166.084411848
245,400.74107470695714,400.85020643781235,399.8808798586255,400.13624954803146,1009758.3558166694
246,400.3565387565943,400.6314989161467,398.57814775373623,398.6887412258539,136955.44991555333
247,398.71034102460936,398.8724332565467,397.1553806957398,397.3695069434753,105232.60414593958
248,397.76687645041875,397.9740345402059,395.92279954402494,396.00001827389957,1597587.1961614152
249,395.9375259353343,397.9790493257074,395.6286522065289,397.79659053332995,137979.62762627413
250,397.67171006140444,399.31678726875776,397.5007738980132,399.25645236760226,55025.571495460346
251,399.2875647513278,399.65915184796097,398.95743476843666,399.4437862584928,1278252.7730163797
252,399.77033111760596,399.8730286808201,399.36009123239063,399.7535425206785,729563.7451442906
253,399.63759717077744,401.91960254269515,399.2890771620716,401.567143763002,911610.0736493857
254,401.55836421190617,402.02443148808646,401.227049201404,401.9623137396122,591202.7833000447
255,402.2680038469153,402.5829888579477,401.4937128332271,401.55196816952434,605180.2993080837
256,401.95352013769383,403.48423166455217,401.86204752859925,403.36397763213887,2161135.1157785393
257,403.7059732563788,404.0058794176348,401.47278476965874,401.6575028231429,1749897.920447585
258,402.059160325966,402.96401500930534,401.90833153469976,402.5661528381433,2415961.83058127
259,402.4217340137611,404.77106789076174,402.3162587884641,404.3925143265268,104820.93578436447
260,403.9881218122003,404.9856556084331,403.87873295630754,404.9217771048488,1026160.1694387913
261,404.51685532774394,405.2431022631697,404.2245573619292,404.9156974918218,1254597.9545662191
262,404.51078179432994,404.5238090307973,402.855721001648,402.86222123757216,1303247.4513187937
263,402.79385428232564,404.18403584639856,402.7459498329238,403.91050148978667,0.0
264,404.3144119912764,406.0146088719011,404.0558348511083,405.74296201701634,2965181.8285647817
265,405.3372190549993,406.2738507193031,405.15455786931426,406.24615479868993,248637.21906453127
266,406.32038860577075,406.40556349548814,404.66083489292294,405.01500940539825,540829.098563461
267,404.73768655515744,406.0360469056478,404.5635991087229,405.8781121599705,2117099.875427041
268,405.98841602428234,406.04353691236116,403.66448719001966,403.9021062028872,0.0
269,403.5064340569877,403.5266764006761,401.5522988898785,401.8983296576828,352440.11374620267
270,401.4964313280251,401.8022117555215,401.25026752480125,401.56637502862117,893880.122254122
271,401.60438234992114,401.84307352751915,400.9952309874484,401.0617605217925,403102.13362901227
272,401.19968714243,402.28014380911554,401.12751820033304,401.9012153530826,713349.0107424457
273,401.91413870309503,401.9279500499789,400.1863029420959,400.4560565691521,590744.5116093027
274,400.8565126257212,402.30056049115416,400.4646665265228,402.27284497610464,3066434.9226338547
275,401.90274384331144,404.2809744283588,401.5825351809889,404.03816579745103,532546.8492953202
276,404.3658095204625,404.5712349735077,403.5292667175257,403.55682790138695,1740126.5670078683
277,403.42894559366806,404.07483956892895,403.2988425867048,403.802296420674,523266.6850270546
278,403.8191499120644,404.16936954526915,403.5859033881925,403.66916576105626,68842.11112304777
279,403.2660418429783,403.3793733093666,401.36224614845855,401.4686974147448,1986937.2664142882
280,401.55422308220284,402.671486219155,401.20680230420527,402.5127432809137,221190.65405822778
281,402.60678139358237,402.7967995907396,401.4897817471168,401.51534425720433,0.0
282,401.9168596014615,402.25242343821424,400.4375330439963,400.5065448451493,0.0
283,400.10603830030414,400.22156355896703,399.88383453384375,400.09270560498095,372827.95498521894
284,400.2220778571777,400.24341738445776,397.7598860071807,397.9117331430045,161731.15257822
285,398.30964487614744,398.537132285991,398.0834328972138,398.4487038273688,679678.4996403003
286,398.18213017044377,398.7189351066134,397.93419502484386,398.5141177594824,836925.5150394558
287,398.63596691370594,400.6692734802474,398.60231661610953,400.3220959815007,2895298.4517023508
288,399.9217738855192,402.1588514525443,399.8546837057789,402.13827663627006,240537.7344457556
289,402.33045534859434,402.5191230559761,400.86008030789424,400.9131156902585,808359.9171733428
290,400.5122025745682,400.925574874994,400.1143325537154,400.7585890022466,305432.4240249153
291,400.35783041324436,402.7664540922818,400.1321121899968,402.57674993786526,1507542.8823073087
292,402.45122547419356,404.0488173548769,402.1807186218624,404.03486660088726,1484500.1833380694
293,404.17741257320466,404.40237712953694,401.59637802133125,401.95147441953344,1378361.9076394693
294,402.1513404014243,404.1106188806136,401.7819100999276,403.77504723583513,499568.7738578777
295,403.57824831620877,403.7594954593082,401.51714055325783,401.5740017118408,1943410.0266838826
296,401.8072173123809,403.00879035368433,401.69649772039935,402.880072978001,1379937.587902588
297,403.28295305097896,403.75535033743535,403.1709951927286,403.6885844829695,1898201.4940975094
298,403.799349624533,404.3986001957687,403.57423673435864,404.1272792375126,1413605.484796683
299,404.2521285050385,404.4983381479022,403.5138953096316,403.7402894041636,1269790.9509822903
300,403.8687444399481,404.10915520093704,402.8036915082576,403.11385651120014,2034936.2824291228
301,403.27281855575427,403.63419057533866,401.90500202961846,402.0030865276118,4230945.416933142
302,402.3914132587499,403.49185925443044,402.0150865177004,403.3971457472456,0.0
303,403.7527306199338,404.45804851370013,403.61434877229544,404.21818362200804,688439.4543011051
304,404.08499419825836,405.96299326423554,403.6865368345789,405.9431901050772,0.0
305,405.6490038764067,406.74417561345257,405.5236088837047,406.5469360237517,0.0
306,406.9534829597754,407.1775768987559,405.62174129285984,405.65205128767843,432382.8248413617
307,405.3483157803575,407.8146040075987,405.3021278925181,407.49241287528923,1374887.988546104
308,407.4526291080117,407.59478244626507,405.11280303580696,405.27110336753026,1563921.6156771402
309,404.86583226416275,406.15194362119024,404.8004175962893,405.7828916821547,988782.8478009334
310,405.3771087904725,405.64315406579016,405.2424417676727,405.639669058107,243212.74939637166
311,405.8294288951379,406.19174423449596,405.48432842183917,405.5934321873246,392585.0912605176
312,405.2623614321522,406.00590856430136,404.89513413005176,405.8317075723334,272399.18621247786
313,406.1442232292676,406.3962146490387,405.0419557536788,405.22216329872293,2081609.1485934276
314,404.9290705782177,406.558808058463,404.65735496969836,406.52908722803824,1255766.1951658134
315,406.5918793988021,408.4415205384655,406.57284243461976,408.3734277509224,2166056.986710444
316,408.7818011786733,410.30609775830857,408.3806146732013,410.22613567498706,1634509.146549391
317,409.8559319505401,410.6906364551499,409.4822896578142,410.6227494454601,1143688.853277192
318,410.35963576435853,411.32216591681515,410.00260304820017,411.03547607211374,705997.098628684
319,411.4465115481858,413.1673210893929,411.3520048530766,412.90026117281076,1325129.4030537189
320,412.48736091163795,412.576625254324,411.4039870335946,411.72447850435753,2365224.143338342
321,411.31275402585317,413.88002546409734,411.1142273253185,413.59238947020435,126829.06653381535
322,413.7843671037929,413.97151931003,412.98225318135036,413.03237981569873,926166.531595422
323,412.73164553156084,413.8820438572278,412.6144795224451,413.7432209017944,1754504.7677205037
324,413.36491402975645,415.7976973468933,413.0925527874752,415.5471463669361,1294285.0039736114
325,415.3191097467622,417.43589559244674,415.1982628372727,417.43240000632335,1515664.115846699
326,417.19576434351893,418.10825085716243,416.7917209891432,418.0553617890428,1594004.0146643936
327,417.685329236934,417.85823891840204,415.49769486666327,415.7764718746045,1675513.3467661033
328,415.4020038236014,415.57812483651014,414.19365846782216,414.5684043174705,207691.31600630924
329,414.19433464572967,416.079592063444,413.8721346928027,416.05965017710054,0.0
330,416.47570982727757,416.9766041519785,416.3935177704524,416.71053452282774,893562.7977633812
331,416.2938239883049,417.5748226626621,415.91876435615626,417.2092044785378,430739.3239170548
332,417.05586549770015,418.00742141315015,416.676901177648,417.71276292503705,499175.65545069694
333,417.45034094993457,417.5694327060679,415.1117089604594,415.4357405744844,915382.9308373071
334,415.0203048339099,416.2747243398811,414.90196025857455,415.9726451959779,2330821.0224263025
335,415.9483754746922,417.9555328007669,415.6677326547846,417.85982923778283,424602.75232506846
336,417.73686784809377,418.7963179308682,417.5610007843525,418.63058628207835,0.0
337,418.794656765881,420.2731405818087,418.71341963681,420.09171933111975,1154028.6582520485
338,420.36810679983836,422.2669782691976,420.00755162273305,421.99759078197576,762494.5760967841
339,421.5755931911938,423.6908259610682,421.4843993668499,423.5414603049495,1866090.9474111365
340,423.35565651975355,425.8818181356914,423.0043727396206,425.4629825352242,898525.2008898014
341,425.24086648882746,425.4894478642333,424.97844699780893,425.097336073181,2583941.4198583746
342,425.5224334092541,426.9978148782591,425.2774482826584,426.8396604421909,0.0
343,426.4390610147977,426.66295991514477,424.20780482323556,424.5128858420488,1467980.7668000846
344,424.544546153179,424.6131894252694,422.3481330789726,422.5887983568943,503246.0540418279
345,422.21112697339436,423.5234313303466,422.1468214884758,423.35461717739673,0.0
346,423.77797179457406,425.3442804125455,423.6569761118434,425.2571842249018,1121086.3387163107
347,425.3328768595792,425.74155676103265,425.1414210155735,425.45315543920924,2828066.152681223
348,425.74245651566156,425.9161030614707,423.51063340238755,423.7835815628314,1208093.8208071874
349,423.77938893620893,423.78611600932174,423.0605817594287,423.25652964659895,2858619.865749959
350,423.4152237462909,424.5802247772445,423.3322696925634,424.30534349091454,1619518.004873913
351,423.8810381474236,424.2066358940368,421.5849712609007,421.99238387765723,0.0
352,421.70805118704294,423.8159188217706,421.7033001316464,423.58045749322457,603716.328622869
353,424.00403795071776,424.9194950857979,423.93630235631315,424.81386620600927,1421868.1338083097
354,424.7064846566455,424.9475972361987,424.50857469428666,424.636151328194,63964.300754416734
355,425.06078747952216,426.7125117071453,424.9301243566761,426.5626399509795,1500687.5814591926
356,426.9892025909304,428.6479237209602,426.7800932316686,428.49786866431566,2134082.244232601
357,428.06937079565137,430.56859272153986,427.64683362496226,430.44187712023165,1570228.4452725563
358,430.0114352431114,430.08808584836095,428.3464241970831,428.61080218786276,2064935.5061964411
359,428.593019475896,428.94336379825495,427.1834357506043,427.415685307207,529900.8665980718
360,426.9882696218998,427.46056663526656,426.5994017029159,427.113615681575,1428437.2997112577
361,427.10647687735093,427.1126738583152,424.7956222775899,425.1489811535219,1797262.0051110482
362,425.32802327631924,427.1863184434266,425.2831382178472,426.8694914068961,525740.9931486612
363,427.0806417907259,427.20048512993935,426.52461557234784,426.76686751784666,1661073.4990241986
364,426.5327406443721,426.8348074432604,424.3048790436787,424.44048972414765,1356973.5819451374
365,424.0160492344235,424.74747306437456,423.8923385980651,424.6598215698882,962226.6629839081
366,425.08448139145804,425.29850380206676,422.07833458807784,422.4854508707316,2304042.872617838
367,422.1355315316179,423.13968574336093,422.08372882239536,422.81359706858615,2227146.123509784
368,422.4317935795388,422.5090459378328,421.35035389898684,421.5977229032062,1948271.633013898
369,421.176125180303,423.8027513772137,420.8120676946561,423.388603168429,621167.5425747859
370,422.96521456526057,423.2477890035143,421.5962811786403,421.9413790182414,1089722.6122029256
371,421.51943763922316,421.8015402917117,420.43068491010285,420.4927634221321,1206782.2837470835
372,420.527431743622,421.6581581096112,420.146962510007,421.3812074566139,453508.52986085333
373,421.80258866407047,422.5920573133497,421.51792041461175,422.21705218812525,0.0
374,422.3717828357422,422.8671217469085,422.05786779711985,422.67209407201955,0.0
375,423.0562088584502,423.4267366162078,422.7264410786293,423.2316128838887,1480571.7789778768
376,422.8083812710048,423.1301574967109,421.38288113212184,421.41238913480146,1417975.8830462175
377,421.777069215205,421.78240458617904,419.2284470829754,419.28275549425115,2330150.77427067
378,419.5970707506563,419.7582126964936,419.4577552355934,419.6214577446265,582949.7708467309
379,419.4946152744627,419.8552193921285,417.07691779471213,417.3340307783898,1681962.6943377447
380,417.6803202835849,417.6986808760021,415.5001816461202,415.66015267486,1412603.7187687908
381,415.73677668512624,415.80749051904894,413.77372209894105,413.8700599308345,288573.02676403476
382,413.5514227175598,413.6423360332683,412.05266430683145,412.2690503320042,2548697.7022489933
383,412.6813193823362,412.8521415082386,412.4948683693557,412.72285058686373,236929.40007302805
384,412.8630678420697,413.1134975679982,412.1930058656264,412.4485838233292,38513.120342662325
385,412.43547767969466,412.6473048514059,411.452431605039,411.5453855062982,2649602.081019936
386,411.2505643727911,411.2676233042922,409.858020274647,410.0839978661036,1240681.1743243365
387,410.49408186396965,411.16596627449985,410.1629113244328,410.78320165652667,2952574.2752468456
388,410.5122987743166,410.68840101233576,409.6626871255912,409.99673780582384,559357.8455798363
389,409.6173005243501,411.94588808688854,409.6151993283243,411.64906343849617,1046428.4466189052
390,411.23741437505765,411.35945738472185,409.34204237232507,409.5362110551171,0.0
391,409.9457472661722,410.0379939038074,408.9279285934309,409.0452793971245,1990349.7905613594
392,408.7568517396129,408.9215422604934,407.64483897968677,407.6709832043499,789163.1661404723
393,407.9954819853269,408.10019999339573,405.72196901715114,405.9051158731615,1688647.6152349163
394,406.3110209890346,406.7108603994456,404.2529708463708,404.55165326576423,412279.8624674685
395,404.46248085263886,406.6225331053391,404.09475356252096,406.3870225693617,2325388.561613788
396,406.3267822247156,406.41073503926157,404.1213053934632,404.1717387296121,0.0
397,403.76756699088253,406.30576638779564,403.60782572768045,406.00538443754016,1090564.612283497
398,405.7827521470253,406.0095865843626,404.5756562728469,404.81615758819567,1688990.194117939
399,404.8299882724451,405.0151769342753,403.8304600172086,403.9130809613054,1749361.179850973
400,403.5455472059803,404.1153808773453,403.2843196739097,403.95560574300777,3090035.5021114023
401,404.2621627807413,404.6102807502591,402.9247382448921,402.9471512556309,1411038.1291745685
402,402.60901621859983,402.9151278555138,401.38845681362125,401.66130431522515,1487273.2393123298
403,401.77784137192054,402.36477697794777,401.38635800220857,402.00046915856905,1057775.7632990791
404,402.40246962772756,402.8003388650406,400.317510299957,400.40388708397086,1284832.2886494969
405,400.4510762376889,400.6713552244455,400.3486052351786,400.3563880323887,461430.1012653338
406,400.37672021437055,400.4185439983962,399.2104023576815,399.433969751519,756382.4616213017
407,399.3069660855922,399.79504248648607,399.24970736877765,399.4601571546597,0.0
408,399.50249956477984,399.78996487646475,398.2055496777631,398.38511046447655,313775.56862656865
409,398.6540899771704,399.0451576348725,397.3724710745455,397.66509989879756,457702.37983073527
410,397.26743479889876,398.1365904898949,397.2418497848144,397.81773349125297,0.0
411,398.21555122474416,399.8868524366657,397.9389528865971,399.62255235821954,0.0
412,399.2229298058613,399.86826303986834,398.9618325188746,399.56953150024543,443268.5249334371
413,399.8064985876629,399.8951550792802,398.40944811035763,398.54910905509473,1073965.19188981
414,398.9476581641498,399.32417324156484,398.36918504383044,398.4841086142099,1465336.3387064915
415,398.6986217600461,399.0497678553208,396.6177546857047,396.83156399338407,1026919.3939589853
416,396.7023318707124,396.99820231851976,396.1874839838857,396.23140258791165,1053441.1517853313
417,395.83517118532376,397.87549605134865,395.6044901758442,397.8725810907263,2254511.0227879984
418,397.4747085096356,399.805419550024,397.1262615829556,399.67764879019586,50673.02514429204
419,399.82184168611775,401.784900223757,399.73228020719887,401.4909057179624,1233899.7836207747
420,401.8923966236803,403.5002390167111,401.5154392268823,403.31238902690393,625420.0668321269
421,403.05579729838513,404.64125220558304,402.7406450648349,404.51451734421096,1233648.9272871783
422,404.2983843662999,405.05172279225667,404.1162338906865,404.7319722676236,1722490.408293818
423,405.1367042398912,406.74039707799193,404.8903559155836,406.5681596421848,0.0
424,406.35554900892305,408.53699129618764,406.20133737331366,408.412677428736,715667.4176766869
425,408.11704787683567,408.27982327516116,406.77067914137524,406.7780838102004,2188983.1547129937
426,406.658750258818,406.79079667614013,404.45137578797465,404.5606682300185,1261418.7934884147
427,404.1561075617885,405.0942768801952,404.0467791649218,404.93903489466385,1047914.0580007667
428,405.0237476799399,405.38868747165736,403.27725780036195,403.6541277992834,294287.96973695734
429,403.3000298276746,403.3754486241268,401.1039237343768,401.45374142742446,986686.537662779
430,401.39608750171226,401.6742967745932,400.30500700207693,400.65526736860164,1996067.67524926
431,400.783678196571,400.8429983841176,399.53678532853036,399.8459238887241,0.0
432,399.4969140064145,399.706535343417,398.71435216630135,398.9389621112149,1352763.6796316402
433,398.5843204870089,398.7418585775099,398.25109133016457,398.56757105584325,503699.71596348705
434,398.3749006374191,400.49155949383425,398.1470733019103,400.3757917846923,162131.27395310788
435,400.45915452006307,402.51968692376556,400.16623004880904,402.19221604649704,646772.6036301062
436,401.9658703886333,402.2357046802537,401.07958397196495,401.3425297074958,0.0
437,400.9411871777883,401.0888370414322,400.45871916693085,400.73705233262984,92448.68583754846
438,400.78770290796325,401.17309665518735,399.5281011507536,399.8471890490881,432222.05489410216
439,399.79671810010296,399.968815695285,398.4336248453002,398.4902969254957,1866535.8960352128
440,398.0918066285702,398.4837668606348,397.2787774460856,397.4584046384118,970797.077105952
441,397.1187129485997,398.5045390933823,396.8893275915179,398.1790366351793,65319.28432812565
442,398.39843449622214,400.20429981039695,398.3858867931107,399.9854946616804,1254745.5691233708
443,400.385480156342,400.4714133218895,400.10383245057017,400.1736634033496,1506806.7785641323
444,400.41583199622903,401.0218838580584,400.3321010929705,400.7948243574594,1723249.1394889741
445,400.39402953310196,400.6637992843772,400.0917289638039,400.2408011092369,1739713.3208551714
446,400.5942583976956,401.8464095174331,400.3230541186413,401.7792159540688,0.0
447,401.8610337239108,403.7574162497626,401.7620841603187,403.60200726843556,0.0
448,403.34251393935614,403.6650014557531,401.170520944334,401.40190501433455,1800930.9133891063
449,401.481994225829,401.8207368454912,399.35262664390234,399.63829393661734,1109324.7750790038
450,399.85903914048777,400.5611353599808,399.47165737490064,400.53104833215514,469638.9471425157
451,400.9315793804872,401.1179479272564,399.3969905272747,399.4088361380855,1150261.3752362155
452,399.64950100955093,399.75029301807047,399.16251116413054,399.2296106786118,1106732.841018597
453,399.16972391189256,400.9012523932879,398.97458966522015,400.8424245884091,598029.9957115707
454,401.2020255401702,401.2097543198965,400.6285707539668,400.9649745962759,777851.0101629933
455,400.56400962167965,401.80065617690764,400.52281682397734,401.4693502831324,1919457.736754895
456,401.624075756714,401.72337754399297,400.8796200169944,401.05040318877906,2567933.2069413336
457,400.66196457438775,401.9402212717172,400.433882241402,401.8492879384467,2128601.5856303247
458,401.4474386505083,401.83034772116434,400.26676542995204,400.5628287106701,1991926.7744174309
459,400.5803466924381,401.26609241764294,400.3164743105264,401.1460894026499,741414.3471797296
460,401.2008669029034,402.14514115291405,401.0561271432837,401.7634452626909,2686103.1080797995
461,401.43394593507355,403.70815930812824,401.232176445617,403.58616502860986,416341.1463207799
462,403.3127196430806,404.8553004335547,403.05637823121293,404.64508410609614,870450.589238261
463,404.91868717803203,406.739508678328,404.7406386144295,406.48087728658294,2177886.0673817433
464,406.1491466725944,407.984353698441,405.85177560171877,407.7428849760722,2424282.603959973
465,407.76716385903615,408.0113559442264,406.8321102640322,407.0470178705926,1609806.2000827414
466,407.209533602804,407.56307588350506,405.97923453375233,406.26034531681125,1195247.5154631892
467,406.43353824075734,408.2074359835453,406.11470012650136,408.1034666118157,497050.0305180508
468,407.89262079352994,408.7622238907763,407.669256918866,408.56870886146766,701115.7128600904
469,408.37576832991977,408.57217445604186,408.19662075273646,408.5183070794079,757885.4038423942
470,408.8550027613159,410.0344715625025,408.74868280223654,409.91557395481914,967301.6593216205
471,409.5056583808643,409.5808464940688,407.9451635466856,408.15181434035094,884313.016665066
472,408.2296854552487,408.39510832195265,406.6132961681109,406.9516245715787,1682746.5774828093
473,407.0345491382496,408.9590098438825,406.9124283009882,408.7978820612178,2006303.8457235629
474,408.57797125865557,408.95269295340603,406.4254689217977,406.7804070824887,0.0
475,406.93953316526614,407.24251712163954,405.9297938126466,406.0613957177273,1493202.8929107925
476,406.467457113445,406.6610626311599,405.7307610830431,405.9936163856136,0.0
477,406.2969543613962,406.6673263652269,404.57195946629923,404.7467867164791,1015053.3825741836
478,404.94057728325583,405.2563154144366,404.8611301410214,405.0096393881423,1361798.830518139
479,404.6046297487542,404.657631629967,403.95092992246185,404.15800998630505,627308.8911872718
480,404.11334123335564,404.80483125513433,403.92379457779975,404.68497771311326,1517466.043694017
481,404.73603489704396,405.0477389367554,403.74559152484045,404.1019291422155,1004924.6705706515
482,404.32033431648404,405.40515201624567,404.26496203148304,405.1885318128868,595360.2159979698
483,405.1500647481869,407.3447802761567,404.95083729813496,407.0267905060742,2329130.029290839
484,406.6197637155681,407.76050054472654,406.45712389093757,407.65656950111236,2170141.556894088
485,407.82551974573306,407.9279695011197,405.08463682751585,405.4343651480454,1276987.5068754398
486,405.6128520896269,407.1592606944425,405.54323396207815,406.9555989381761,1365555.4900905178
487,406.7529210668309,408.97531877130905,406.4871293405033,408.8018744587153,3486363.794684561
488,408.84775830074307,408.93416788778507,408.79711902998616,408.9173748532335,1374581.2443867144
489,409.3262922280867,409.52209974230266,408.9706784230712,409.2635929496458,58136.571120172506
490,408.9031008664895,409.9146915884367,408.6353773415559,409.89278454520485,4713671.808463233
491,410.30267732975,411.90700440735753,410.08115903939427,411.75238548478166,1341444.1891161576
492,411.7966582722989,411.9600260366921,410.2180384065015,410.334394064681,810167.063321329
493,410.347828856532,412.387644332704,409.9967183226502,412.1959984976305,233929.01594481396
494,411.7838024991329,411.9200918802773,411.4690183877504,411.79485462601303,596737.2305543306
495,411.383059771387,411.77911005756266,409.40654840833594,409.5500917864484,2010537.8870181297
496,409.20045358367014,409.3551200951621,407.22120529757547,407.317565525727,510718.3005828153
497,407.2488324999604,407.7522495789454,406.9480392635893,407.48679920492356,2338257.3773902263
498,407.0793124057186,407.4378691900619,406.70457778538423,407.01548466071046,949685.9828018849
499,407.42250014537115,407.4322603091302,405.82758318391757,405.9604235289247,2057842.3617786113
500,405.9429765665048,406.3354819888254,403.473648093874,403.74746515211524,1023056.1527603755
501,404.15121261726733,405.79401141709616,403.871227491263,405.4015154642096,311492.0537518336
502,405.1881818667209,405.5228376813717,404.68677657068537,404.97038127783605,2744914.025644024
503,405.37535165911385,406.5546798691981,405.1370071617605,406.480624257178,706942.0681964587
504,406.88710488143516,407.414034424139,406.66308970389065,407.0442430754327,3161148.8641943233
505,407.4512873185081,408.2664035384945,407.05960610901474,407.8658750577242,710330.323324722
506,407.4580091826665,408.38418827188764,407.25378326898334,408.32744314901197,1229306.2159221382
507,407.91911570586296,407.9518277080135,405.8962656247028,406.10158175113753,882161.5023372592
508,406.0713444794937,407.0829364195484,406.0371218005585,406.8437666916604,861004.4233910894
509,406.88952537047936,408.5393475172644,406.7063535645882,408.1783989806137,0.0
510,408.27782543819666,408.31327421285295,406.54765517418645,406.75100475724594,0.0
511,406.34425375248867,406.7367681071443,404.21264571089483,404.53373678952477,173877.43672027765
512,404.46350212381265,404.5935991007416,402.6078104194958,402.8644844830867,0.0
513,403.10082581306006,405.08068094354536,402.7615056932819,404.6921994420073,1132858.0459788414
514,405.09689164144925,405.91804710289193,404.9538468827251,405.68549277189953,1216942.709539571
515,405.71579925636587,407.8652478686792,405.4617453131965,407.5260060767833,3348795.8427496487
516,407.93353208286004,408.0463717068083,405.62597706943734,406.028184456841,0.0
517,406.2942135208934,406.5979098918985,406.13255536769987,406.4080861775628,1409769.9882958431
518,406.3151159564664,407.259980361187,406.1212770358539,407.1611607844741,1659023.478098269
519,406.7539996236896,407.03008735875073,405.1927571994684,405.55395166228175,1478473.1024396045
520,405.4419569132921,405.6937337172688,404.4407494456002,404.647247750943,503417.6912673261
521,404.4483386493836,405.35482533746574,404.3623609409948,405.04035478184346,234956.90883590898
522,405.4453951366253,406.7842586262999,405.33214482242477,406.52082968177945,1685923.3646880563
523,406.49311599786694,406.78231136388564,404.85327338033176,405.01170294919126,910876.029342822
524,405.30084870580345,405.5159059508875,404.3834061286912,404.5227824559603,1504626.96331937
525,404.25218020720865,405.576778290064,404.14565687494235,405.4804186748208,108800.32872086903
526,405.41466512434005,405.5039465834066,405.14984684688307,405.46466789278236,1530135.886082898
527,405.45123160656914,405.6792056740029,404.40238818113613,404.52445302048676,533133.6043792774
528,404.1199285674663,404.6293593021879,404.082529527197,404.5737608360628,1946788.9041418466
529,404.7098954124338,405.19496094051715,404.451839122826,404.9747075731029,0.0
530,404.7994386768667,405.6859195658597,404.4623772044884,405.51957215310034,1195320.8112217337
531,405.4295131955092,406.3897200261804,405.31485687598456,406.32376777080594,1831160.0856512855
532,405.9634146174012,406.58129511455246,405.8676015074985,406.495806737872,1568745.8808240718
533,406.0893109311341,408.28533008910466,405.7571750015977,408.22904830122303,0.0
534,408.6372773495242,408.85554982688404,406.357918467312,406.72333658202194,563359.8174739183
535,406.3166132454399,406.70958076541143,404.19188305818585,404.50621943816583,0.0
536,404.8751385387379,405.25557560744284,402.7098025565795,402.99070704161403,1604339.7291376914
537,403.06201772198216,404.8346016558294,402.7994213400629,404.81899464683937,1676754.591940409
538,405.2238136414862,405.57683431452546,402.21024970714467,402.61225839036416,1103972.5684790916
539,402.2096461319738,402.2689468505051,401.21025916962066,401.31079907243566,754762.9935944752
540,400.9094882733632,401.13384977625145,400.6378565723791,400.999680126906,2963916.699021607
541,401.1087314275472,401.21501897618407,400.84967853769814,401.15023104793886,1558438.814172782
542,401.07118270471506,401.4380483536733,398.8638290869232,399.0874234464976,1323935.4917037212
543,399.1283150272035,399.18913428870076,398.71863115916466,398.72142864674476,2265239.3184736324
544,398.79857514706424,398.79862529154826,397.6243209126101,397.6433017135411,595231.0482765901
545,397.2456584118276,397.9217078660693,397.0949954903079,397.5407720829358,1361708.6584396642
546,397.9383128550187,397.9737096440467,397.2984065142163,397.52540084411595,1161006.0611627079
547,397.1278754432718,397.48079294022773,395.30725799778963,395.64370405766226,2239357.804686674
548,395.5847185646499,397.64016139420136,395.41542757403164,397.4386597913174,2280285.189285049
549,397.65641295042855,398.00792353768014,396.9278614298742,397.0625925394599,1310856.8274627917
550,397.29297148629405,398.25896067092435,396.95255411659014,397.9419554763764,2617210.3496716116
551,398.3398974318527,398.52841257936655,396.2087202924204,396.3156583150205,0.0
552,396.361877732272,396.39996164146726,394.4652887530791,394.5274219985535,215704.26624115044
553,394.92194942055204,395.09358833250167,393.9214501475397,394.13747070623026,2574169.851170378
554,393.8966319983497,394.84840813803424,393.8284574030269,394.6058638302788,1589620.6520963372
555,394.3343630032028,394.38632583618346,393.4589607428207,393.7018653768877,948572.8975169794
556,393.5045715485935,393.86694313097547,392.7006777896099,392.81073575759586,907541.6639831283
557,392.6521438459507,392.8432096232113,391.88800645148166,391.97249573555007,162055.46633282362
558,392.06259703702483,393.7516949276193,391.68288845720804,393.7507959370695,0.0
559,393.4165386798881,393.8698362416372,393.15347503849176,393.78139114621075,0.0
560,394.01597577539906,394.76108323450234,393.96109775856365,394.37785420075386,505921.7229050853
561,394.0681147216872,394.2421468877132,393.3839413327713,393.5481229062863,194736.5894412531
562,393.6601524725909,394.7875837973382,393.4767507567041,394.6442427448627,1595139.968534555
563,394.7585982053116,395.8378183801136,394.41443464156345,395.52743476262054,941822.5321146147
564,395.1319073278579,397.5248327065642,395.0727255554502,397.321863005921,1993135.318677724
565,396.9245411429151,396.9731164657099,396.70004839336076,396.8601587998925,1126128.6017974606
566,396.54897280775236,396.60455787611073,394.635609655935,394.9016468200923,0.0
567,394.68279004524203,395.1231494835305,394.338318456742,394.78936184677735,470912.2042997845
568,394.8936928894735,396.6505938741445,394.5511873794372,396.58044160203525,1373020.3376567243
569,396.97702204363725,397.27896227617026,396.59170827896355,397.05028891196133,800735.4773517068
570,397.4473392008733,397.7648079951134,395.8040046939572,395.95610797912667,955111.368971666
571,395.7106233998196,397.3434020509907,395.61449490095964,397.2287274240339,938501.4091232922
572,397.43830464741825,399.34706002754524,397.1457132324201,399.03087408920203,2302067.3689323682
573,399.2457939392491,401.01517872342816,399.24344588066856,400.643841044068,592025.7175373355
574,400.4428438450251,400.6527545183016,399.36376702050313,399.55607284280603,1710984.7700660122
575,399.40827160080323,399.6040228353024,397.0760587608254,397.37802565604727,1425987.9404006188
576,396.9806476303912,397.7345843066653,396.68784438638716,397.71478830134515,246219.41203797946
577,397.653288416661,398.63605996764755,397.48257591122956,398.4960757831718,2638903.541984465
578,398.09757970738866,398.58024918870456,397.99891286654145,398.457149714127,3010394.9085155716
579,398.4363595628919,399.48491775431927,398.0821723855604,399.26402827873,1295644.0649595475
580,399.1959113964662,399.42476116549653,396.84396186845015,397.08757307588644,1431545.8829521553
581,397.4846606489623,397.7689800170838,396.00272643804306,396.1056975981367,601119.1118008979
582,395.90686140824096,396.15709349151933,394.7897241734134,395.1078032266145,1798467.466806465
583,394.7126954233879,396.0321199661488,394.46999125844883,395.75997874116456,16289.390097866766
584,395.4655156219812,396.9867360995196,395.3125546252372,396.8461794007948,1110364.5277189359
585,397.14080437596266,397.20446490149556,394.64566392298104,394.68290429782843,2322996.8637259332
586,394.2882213935306,395.31046312688346,393.9602652728767,395.189602506735,2693785.387536142
587,395.5711754916467,397.2110430493961,395.4809273930253,396.9824980731888,2136333.5841584746
588,397.3049377348636,399.13292412107694,396.95050699811026,398.78352764542575,0.0
589,398.70822165986215,398.86108760733146,396.4566793740223,396.6096917321481,1724432.2018821924
590,396.52416857187046,396.849918797285,395.56540856209216,395.89507292808133,985764.9583672008
591,395.7523369958411,396.6797621547617,395.3991582729385,396.6271563754533,982969.9016612866
592,397.0237835318287,397.34544919746196,396.0251336592089,396.15531445100714,1219828.704892233
593,396.5514697654581,396.9205612859525,396.2808280874816,396.72606004457083,810050.9822709498
594,397.0709922845046,397.29477372584154,396.51545986902255,396.74573578998945,1646321.551990435
595,396.9013527944831,397.083892296879,395.63635535481035,395.99574495748897,1574027.0447088676
596,395.9395371792541,397.3886102723342,395.7584116100877,397.34767162060126,1444461.7550776482
597,397.7450192922218,398.2090969774672,397.7316116473406,398.00257360590336,1429054.435175565
598,397.6942866538861,397.72554289582445,395.6183523416477,395.8329948041162,968243.0370581126
599,396.12680675457085,396.2053155117202,394.60239106854146,394.6463556642501,743305.7287731268
600,394.2517093085859,394.32330545834265,392.22174784237563,392.519746093237,110098.17070023727
601,392.50396721082586,393.0094720492591,392.12606198957974,392.69178349392945,1195808.464821532
602,392.2990917104355,392.4158519393402,390.3842260280854,390.56789304085197,1786092.1681044395
603,390.95846093389275,391.89700157076095,390.66254595930997,391.6292060391843,883121.2253377729
604,391.8221613825908,392.1494737950841,390.0070268043882,390.3818144788063,2485381.6744120754
605,390.3333098709775,390.47404294880016,388.2549527678941,388.4576506789427,1051540.4174105553
606,388.7090868027319,389.0191290447917,386.6446588508572,386.8869315008627,1212808.0739095844
607,387.27381843236356,387.4669561041091,384.40461213963397,384.7779459290661,1680607.4588994721
608,385.0313785300491,385.0374807534489,384.14234933664784,384.24131293140493,101828.67585246603
609,384.18456673528215,384.22382985689256,382.39135792024337,382.75332612537323,414340.2642456873
610,382.7716803406908,382.96331988291666,380.8998303138401,381.0436112257685,0.0
611,381.3396727896329,381.6666165184667,380.69475471865957,380.93276780700864,1423705.6221860312
612,380.8083162015505,382.8023849024891,380.79298634653225,382.6609829882432,1883019.8162915292
613,382.27832200525495,384.21929253561007,381.99128392674817,384.03962712955894,418641.55012702534
614,383.7091176907377,384.93907868952374,383.66735181383154,384.6602406608391,429183.65700717014
615,384.2755804201783,384.5535552404295,383.5450996632348,383.7426111157942,1264785.2671056795
616,383.3588685046784,383.60872801848234,381.8729547210569,381.92798093782267,1741409.7616596436
617,382.30990891876047,383.8062482380724,382.23266046237734,383.66071120042216,2066697.3584754409
618,383.543087917306,383.7663528555498,382.71798398517547,382.90743556562455,1697330.9606963075
619,382.74964548985037,382.9348920866729,382.43235652013203,382.79968878664846,2170398.945866397
620,382.79144925937646,383.1316533144307,380.9523145879066,381.3108367355293,0.0
621,381.0026827481499,381.36522144957075,380.2002317971707,380.3193126371437,1861438.1655578273
622,380.5714265049955,380.61186629267,380.1441180017823,380.14602706715004,1593741.9672896285
623,380.13102132851816,381.8678116841058,379.9866958188946,381.762188194119,0.0
624,381.9065563635226,382.67794421385383,381.7305557134165,382.32984022307056,655553.9090719011
625,382.71217006329357,382.8862900784291,382.43909508140507,382.6459145356023,1900801.087063053
626,382.7544292901535,382.94374001681933,382.5476557510737,382.9143356258574,4758287.929080745
627,383.2972499614832,384.1357461598144,383.09037476340075,384.0176910376482,0.0
628,383.85574987106344,385.1989853104415,383.67155357753995,384.8989659376868,2509217.811133041
629,384.7619148989343,385.0976893345891,384.47085144555916,384.9615686423082,2018710.0505449488
630,384.96431197430064,386.1454388374565,384.7126426513321,385.92255018597376,1488308.0508254655
631,386.3084727361597,386.46273921163623,385.16008566155693,385.42387945484563,1468764.1055637347
632,385.58592805041644,385.85249540779716,383.11310994335963,383.32286922520876,2278673.1592324805
633,383.534234949365,383.60986687250244,382.1682791294198,382.5259082508334,545397.1393708625
634,382.2145743019705,382.6426983655107,382.1614124513839,382.36640443286643,3625244.576608215
635,382.40825990009176,382.6036706154946,381.56659988992726,381.5913279393734,0.0
636,381.8598260796773,382.1143039542254,381.3856009502582,381.51492969276575,1541907.0947946429
637,381.133414763073,382.05803345098275,381.08266502094006,381.7552801834892,976963.3713915072
638,381.7868553425795,383.0680936296456,381.66428821188975,382.7729925267078,1939384.8508220133
639,382.9279869799455,383.2467727931667,380.43658072877713,380.72734190645787,759915.4726814837
640,380.34661456455143,380.6071216563963,379.77970287827947,379.87696460622226,318405.51093852555
641,379.9190508046672,381.7299715481168,379.5548730008877,381.6003898211577,2160800.0499825454
642,381.6617695728143,383.2462722922663,381.6499708473971,382.95271313739477,2397491.8320225524
643,383.3356658505321,383.6333745822177,380.81719020672944,381.1952395704228,1040620.8232084918
644,380.81404433085237,383.2898248216864,380.4427301429062,382.92464553314034,649396.9943718666
645,382.9516863075655,384.518824447301,382.9366064322527,384.3327797311409,1635571.730507696
646,383.9484469514097,384.1986261552367,382.5690871445299,382.647873452364,1805662.2422096739
647,382.26522557891167,382.2981978425654,381.98719748463986,382.11535043566414,886955.712188394
648,382.04827180795945,383.77820095227776,381.6750526521851,383.76877242237975,3508013.047225598
649,383.58695505838995,383.6541811496195,381.85251186634224,382.2010140553699,2355053.3479922283
650,382.33783741118094,382.3723905236937,379.8620262235226,380.1175722057271,858004.1381918844
651,380.10628556316766,380.3567632250574,378.1936864085172,378.3148586836994,1510285.7726885488
652,378.6139964309676,378.7690935542755,377.52158368882334,377.7356454755981,553980.4265900797
653,378.1133811210737,379.2297822891188,377.9448325133905,379.0650406656198,0.0
654,379.30310037411834,379.3699702811543,377.84407742591515,377.91529007341705,808626.2420777304
655,378.26369179859455,378.5242009271757,378.0881110334099,378.25707812324214,1380919.0833652024
656,377.8788210451189,377.8882616756827,376.31378537187396,376.44268651740475,0.0
657,376.8191292039221,378.4081709907105,376.70002160541344,378.1505311049139,0.0
658,378.5286816360188,378.71937193945143,375.93739488118734,376.08916911738527,841131.7042712376
659,376.02921747253356,377.11725437387184,375.80480635465693,376.9025528704716,1392584.617233127
660,376.5256503176011,378.12178814179003,376.2405334360142,377.9738764598922,929378.1561941955
661,378.3518503363521,378.6104587101991,377.16485350819386,377.39060060812733,0.0
662,377.0132100075192,378.82827599318455,376.88095788843106,378.6889805530851,2115178.9494254487
663,378.6300262653966,378.65990252574267,377.05828698561106,377.26958571742574,2378103.907351221
664,377.1745994130935,378.4470977016763,377.05704688088935,378.29923896734937,2758389.043846057
665,378.6775382063167,380.1304574952679,378.35470232211645,379.98013080903667,2056152.0115363174
666,379.60015067822764,379.70577415284396,378.55753649807855,378.64223885477884,491242.76958977827
667,378.2635966159241,378.5505077268341,376.2279928440119,376.57819648581165,902060.0679012679
668,376.9547746822974,377.1712402802048,374.25911999011106,374.525405558083,601627.9777927913
669,374.1508801525249,374.32141510959866,374.05750848129185,374.158720733011,1282766.9368896703
670,374.42492474507344,374.5667278151498,373.062275382611,373.26186468321896,852982.9790173464
671,372.93111547436,373.9203775892758,372.63908456794076,373.5559373841185,497352.465514519
672,373.68873193031624,373.94886302345566,373.61265676850684,373.7731924631755,812335.8400229047
673,373.7573561686561,373.8416224152377,371.72139522387903,371.81452888974684,657459.4855349767
674,371.4427143608571,371.50906695932827,369.4305454584808,369.7877055132868,1071578.810897313
675,369.890083467014,371.17692269166565,369.7844693677426,371.1220064945617,779795.9540675175
676,370.8950556984629,372.41790239599254,370.786319884979,372.2368976956078,110229.8881363374
677,372.122489308329,372.2054002389712,370.14502870094776,370.20777191592606,1044451.6170094203
678,370.3692608853036,370.5967517889012,368.73346355315886,369.08244852062876,969810.4486366485
679,368.98950893486096,369.1722416557801,366.78553659911694,367.0705181726231,2179873.8988539767
680,366.82693913575696,366.99300758495633,365.80433533608124,365.83290125582505,1648830.3300686441
681,365.4670683545692,366.3550835942697,365.1979723712079,366.046654567387,1610904.1439940282
682,365.88838363184414,365.9896960616959,365.5880185903556,365.60508310115813,116188.10368941922
683,365.8643602001288,366.26800216818197,365.53162895582716,365.9967146292661,0.0
684,366.0278367160266,366.6146251086214,365.7833136307003,366.5610167562962,184905.69644688396
685,366.92757777305246,368.5579697048651,366.5816085256811,368.20338235080214,107440.22687427583
686,368.5715857331529,368.65230613879623,367.10512375293945,367.4689775812736,726705.9369096755
687,367.3238569282226,367.5018191720663,366.9005822844769,366.96890412804845,870003.9097296188
688,366.6019352239204,366.969897603169,366.4248475186553,366.8199915330561,0.0
689,366.45317154152303,367.73130262571493,366.4251974050109,367.68731257248925,2445238.5196212353
690,367.62499339158757,367.7953596783139,366.8854629386178,367.15591429989723,1587594.132183806
691,367.1070983086915,367.9606882325757,367.01988051588404,367.8145765613844,1847611.7220459376
692,367.446761984823,369.64429005762327,367.10902764240615,369.48327715322944,1472924.5116331973
693,369.59606874707333,370.7056650983088,369.43887238570494,370.70522814516556,1313099.476324172
694,370.3345229170204,372.75034746749486,369.98317428365027,372.3870430405648,491366.3338437743
695,372.55396732134335,373.0361328231356,372.37274875564657,373.0179191044794,2643923.5511142267
696,372.9161838618426,373.02666505642713,372.36348165459236,372.4612106417861,716094.5191307247
697,372.2589920027281,372.71802690821585,372.1408680857711,372.691418579647,1005242.4365647198
698,372.7001495933999,373.37651592680345,372.41952732831294,373.2798820619277,0.0
699,373.6531619439896,373.76870704533127,373.5327385981649,373.725489138123,1370737.3516572064
700,373.69239642697056,373.75460021037327,373.0186881788594,373.38503536755724,175324.2743235178
701,373.48373553537704,373.510279382462,372.70835310233724,372.8397025571373,1319656.263035293
702,372.5303523245067,374.5205604632877,372.2961238682103,374.2230086825074,528609.7077689657
703,374.51554806254467,374.73318355016704,373.2473031168579,373.6071371003614,0.0
704,373.9807442374617,374.325263773894,372.95782284303186,373.265477073757,3421337.3701468264
705,373.48386605887015,375.1634920864157,373.43008156369154,374.95265023406324,2111626.4626692045
706,375.14565093434715,375.3850188497169,375.08479342958873,375.33070998180204,1763335.752787612
707,374.9553792718202,377.23693386138,374.6256608775297,377.0335097559152,0.0
708,376.8145604642774,378.041404254609,376.8118158403891,378.0278236663019,2751171.6431800416
709,378.1262194550375,378.31927989776597,375.91116959863996,375.9671305776078,200088.70369522844
710,376.1864085707183,376.18680877311573,374.46431922917594,374.75616679904056,2786283.8933949578
711,374.99938214056436,375.238350723788,373.7285610818799,373.91634663964993,776896.7358412193
712,374.2384124806653,374.59803871483217,372.94703155082794,373.2121885802118,2030007.7915401063
713,372.83897639163155,374.11752950104534,372.68834574340616,374.01458718123405,2266218.5944163837
714,374.16768637292864,374.25951538080227,373.1358635703502,373.45150992891945,557825.0137565581
715,373.27727855150425,374.15462114123557,373.248346114701,373.9282180197435,1231832.3521132998
716,373.6466685892505,374.3426836112647,373.44921724216294,374.3023975636231,526038.8110436358
717,374.3022428919689,376.3700711838616,373.9323796420393,376.0005320915765,1350324.950548951
718,376.3719532990202,376.5382920136326,375.4060309102708,375.7716176089159,0.0
719,375.6795620243974,377.1443671183566,375.4744753273627,376.9025174289465,2133819.8248845204
720,376.52561491151755,376.8951204168781,376.480435895114,376.5193931103431,1012392.5187473269
721,376.8959125034534,378.4212814096256,376.7270621717491,378.2275857002023,0.0
722,377.84935811450214,378.60733210893454,377.5149829291867,378.47389356779604,269883.10040345916
723,378.09541967422825,378.42179905234303,376.3509566419165,376.51812286743206,412807.31749684527
724,376.64359235844626,376.85289374304296,376.25115512409207,376.4307380578098,1120775.684112736
725,376.21484975862853,377.146648865648,375.9860998376943,377.087480426546,0.0
726,377.10597164984307,377.83052680941825,376.8746081055937,377.6750015027941,350165.91808864544
727,377.5476575057591,377.90018648578615,377.1131347786538,377.15351852464596,929107.7071632429
728,377.48174071273036,377.59108687105584,377.28858719121774,377.4518670069995,887238.2963189417
729,377.8085908073887,377.88957531817664,375.052923064335,375.3943135546838,1940768.1613112753
730,375.39065542829786,375.64683003766976,374.4977120218004,374.6792975615287,637890.1319167101
731,374.64131888404506,376.3734780409604,374.32759375102665,376.0584160897215,2690836.790897576
732,376.3496633363008,377.8105264037903,376.2776918053625,377.76451731975936,2639935.575584202
733,377.65464940199286,377.81149342415887,375.64136625114907,375.93689344237373,579384.9149557797
734,375.65264593348263,377.796592183088,375.33356148431767,377.5292887878797,1004718.6476982308
735,377.5694243939594,377.6586612027398,376.5232355536207,376.7312600743519,0.0
736,376.35452881427756,376.6205730867424,374.7842772510122,375.1372864947531,506564.6635608595
737,374.76214920825834,374.9765783517928,373.59688824428173,373.9555946102787,3602311.6803252073
738,374.32955020488896,374.6506799076779,373.5002327458553,373.6620873450377,1001844.678843858
739,374.0062224078821,374.07674687294485,371.331767174137,371.6251926174723,600731.9480999018
740,371.4717941266926,372.3044198996193,371.18079552517133,372.1336064021548,329025.33383331227
741,372.3975288298516,373.0709099821127,372.07705028023935,372.8835842567889,2170580.455552777
742,372.5107006725321,374.81399078964006,372.36965102764583,374.5026645910204,1744765.8430884264
743,374.87716725561137,375.1593449007251,374.5863514641757,374.89926225902525,0.0
744,374.9927661205821,376.85336333993956,374.7074057107748,376.600104641789,661961.7872859496
745,376.61339085362306,376.89500096520794,374.2145189716171,374.56268195103,2323137.783100958
746,374.65730267029716,374.84256253356324,372.400925071799,372.52087793117414,1829444.9757134477
747,372.72871335723147,373.09131217050617,370.83826767325075,371.13544698904724,1686273.5684399165
748,371.4066442416185,372.60333669509725,371.3628240042186,372.3189532613968,0.0
749,371.9466343081354,373.41888463682625,371.81076555663736,373.0754987328997,2325260.0539032547
750,372.7024232341668,374.87761528296096,372.5245006471935,374.7680670681695,755926.6184347135
751,374.405038891219,374.5695071332489,373.1583687861366,373.442619626167,1454053.8737905696
752,373.81606224579315,374.2024218162402,373.456447997921,374.16704859412937,3203237.3243238386
753,373.92273847851686,376.0842214807335,373.60389382010715,375.86456907109107,2060939.6035207117
754,375.563090766231,377.57791037925386,375.4636827426746,377.56979085628,285625.7203642464
755,377.61439910196555,378.50232546284053,377.3726836387536,378.49226436066573,1776026.5163070862
756,378.73977834503165,378.98272106489446,377.11981088029785,377.27966152802145,1094630.6398489967
757,377.65694118954946,377.8919852711702,375.360415186441,375.67379864551543,0.0
758,375.36167377703646,377.55327116421284,375.14367961874643,377.37815494373797,1300586.3121294975
759,377.52973500486775,378.41458102600114,377.42230338228,378.2069015343798,370963.05888515885
760,377.82869463284544,378.1997141257908,377.767032342371,377.9252184483514,143533.65334962832
761,377.92427427675443,378.7148385211719,377.7304471377374,378.61079291861626,414564.59574831964
762,378.8956046364587,379.066322185467,376.65404029037865,376.82320562532783,1455231.087355278
763,377.11845737921544,378.7510103273085,377.0738089356681,378.5327765513267,701647.2451186399
764,378.5384568573875,378.8807722891653,377.90106971346984,378.1633369352066,872878.5422774989
765,378.38269175576056,378.71446491009164,376.04790918448236,376.1019051409486,373707.56656350987
766,376.4780070460895,376.9640498820023,376.12322898490476,376.5945217737836,1742165.0419575688
767,376.8144281902596,378.01458306122237,376.62338293473016,377.81543278250786,1105648.2656591437
768,377.4376173497254,378.28415243558527,377.20691536308817,378.00015272153684,2093559.4569717047
769,377.6221525688153,380.0495605904513,377.4323660998503,379.71506321926876,58215.017335883575
770,379.80098002410216,379.8944969727313,379.34131638147505,379.46245640935484,778544.0498390405
771,379.3294247821578,381.206062356722,378.9581690950672,381.1840010841554,150174.78718016192
772,380.80281708307126,381.90760650183074,380.4691888035821,381.66994149257397,0.0
773,381.51617185489397,381.6631991062646,379.6013533933255,379.9629778149174,1277968.9970723842
774,379.92656741780524,380.89663668857787,379.8234588599989,380.77464384088074,1646827.2443108512
775,380.66189765987286,382.5827630222083,380.31400801034835,382.3457603821274,0.0
776,382.53059585637516,383.24094476775525,382.4820066454123,383.23226501153187,519327.2516803477
777,383.61549727654335,383.7528440403258,381.9927805755905,382.3510495867817,248811.14815038117
778,382.4424436318252,382.68705953031287,381.98426227508173,382.0355530202411,1774605.481648373
779,382.00213952213835,383.1896706094764,381.78471354749325,383.1779976716712,1813383.0767035964
