Interval,Open,High,Low,Close,Volume
0,162.8525344980447,163.6302947144549,162.69542021632142,163.5211720227603,596892.9882216936
1,163.67377490277354,164.27046403292414,163.56228472771303,164.21686298371884,0.0
2,164.38107984670253,164.38302710004342,164.167604591683,164.23757490248573,121995.76099021151
3,164.07876530271113,165.2456776380188,163.9340409024926,165.1219828932823,662855.6854413191
4,165.28710487617556,166.04928663515994,165.27153723871027,166.01115335999006,1980813.3750123926
5,165.84514220663007,166.09993691611794,165.73027963036617,166.07780494197533,616352.4230787818
6,166.146648235871,166.63111636466454,166.0043551308261,166.59676639055797,2931094.2903863825
7,166.4301696241674,166.5587458757601,165.56109641216403,165.60265671903355,0.0
8,165.50968777216374,165.61597433235127,165.03172812277722,165.04820045525244,2039600.5036492494
9,165.07637368241038,165.20244594892634,164.65462642760923,164.6871569750901,0.0
10,164.522469818115,164.60371481909618,164.48408510546074,164.59951556107478,1853672.8133973256
11,164.76411507663585,164.79027412544826,164.11235290457216,164.2040370763552,0.0
12,164.13196651603747,164.747375508625,164.04423484565243,164.70875022243297,74846.09706616052
13,164.61424331684185,165.622558170959,164.5658552252053,165.5956954597657,1704553.0647322864
14,165.60874721260137,165.6113141660442,164.55136914470296,164.6075593393236,3174506.149882786
15,164.456187505821,164.4762079855066,163.73031123561364,163.7789174844352,108425.27691066614
16,163.78201092595205,164.16462972504553,163.71602594104053,164.0678636510953,0.0
17,163.9037957874442,164.02664425803485,163.34314951799746,163.4380068576331,1719128.3727000256
18,163.27456885077547,163.4874171968172,163.23762852324614,163.42018090905106,2836829.7494368204
19,163.36961112429614,163.48649550708905,163.23558889763365,163.39438416551533,965784.5013636057
20,163.3583276639278,163.48006009648137,162.34322014080388,162.41938362324237,1103999.308976895
21,162.34206084107484,162.4080599704156,161.9663737969554,162.048938295283,2969222.049204778
22,161.88904028083152,161.9119065013375,160.9613006453149,161.0819662446854,874769.6033026363
23,161.12169032138777,161.26087363751833,160.9800807493742,161.0026526301868,2571062.6123246606
24,161.09019384546036,161.2101876306297,161.03544145581316,161.11520628107527,2431731.66613035
25,161.18974436447186,162.0813098722248,161.08964170616326,161.96652074648705,344135.6811903729
26,161.824339691427,161.92571083429274,161.82239876172108,161.85027250667554,0.0
27,161.72481053717502,162.08337169097436,161.61132875128393,161.93096616692083,5003829.259790277
28,161.9051008234651,162.84991177700883,161.84216829570454,162.78496916548414,1886734.5518886694
29,162.66367513085436,163.57897382320868,162.66091907759693,163.49419483255056,1192650.6348248923
30,163.6576890273831,164.14798177699538,163.59029564680705,164.00449991822956,870041.6373119345
31,164.045766892117,164.13941964471047,163.6946043514307,163.7470656484716,341079.24947431986
32,163.91081271412006,164.71260818047074,163.79659319456746,164.6288322808332,2128155.538167659
33,164.64875703576917,165.55904111492973,164.64328949277606,165.51534716557333,0.0
34,165.56563532057072,165.58952392013822,165.29694810134495,165.34383854728824,2409580.779171433
35,165.43743739161263,165.77088796222372,165.28058052811082,165.60961867876816,3588153.1697644517
36,165.61885646405318,165.72104830911448,165.1406886284758,165.28277274413992,0.0
37,165.24814735936607,166.16172610627277,165.10180883142598,166.12877510992345,0.0
38,166.02920481661644,166.30655532854334,165.98318787535587,166.28391772849773,4409590.643834221
39,166.18802422870593,166.22380556210342,165.96790022725986,166.10262134093298,2249758.0164706563
40,166.24431744021868,166.38221073289336,166.1026049653492,166.1551393246757,0.0
41,166.02826965629268,166.1217237672366,165.19566286768102,165.288698298769,90197.07588835899
42,165.2374533501188,165.2694216079055,164.1395074462482,164.3023940797106,2620668.4227742115
43,164.252225411392,164.3265142658699,164.08310750144747,164.09235785944762,1198041.515378199
44,163.92826550158816,163.96999796462333,163.54430769987982,163.6120344783203,2016391.7684030677
45,163.7756465127986,164.4539365050026,163.67879210831163,164.34105004775634,1453567.2702765681
46,164.4089499283074,164.50691669170646,164.21248885233007,164.34642472649972,1070462.4899641424
47,164.2639669381856,164.31700051070803,163.48631730346784,163.5221883088691,1956285.306894526
48,163.61541432287007,163.62444267882807,163.43194621588148,163.57548822195344,1139657.6738582114
49,163.52322806203324,163.5945392663987,162.4637432144997,162.5994070026784,1669738.6001433465
50,162.6576210113557,163.02998648416713,162.63055954826766,162.94396844873643,1885005.6985145097
51,163.0465420002602,163.2033187888169,161.97584351549625,162.13122189432107,0.0
52,162.01371679587612,162.8104764570897,161.89978823705616,162.80898345157908,2334228.1843563104
53,162.6461744681275,162.6766044685162,161.78364014068714,161.83747608942028,2836862.535190222
54,161.93903589911696,162.03132220431246,161.77186901027778,161.78170683407487,3641000.928560436
55,161.76997628202597,161.82390458789004,161.22991764840697,161.28805778390685,1000110.3972722644
56,161.31508117668548,161.5923365457978,161.27945590259637,161.54329200744075,926019.9684686825
57,161.3817487154333,161.4714385135701,160.6584435031808,160.76355101664356,2954837.911208401
58,160.6027874656269,161.55867895619394,160.4857173272481,161.45963538554966,2270148.8779914067
59,161.37710275846624,161.40767509624342,160.984358016119,161.0597915597159,4514116.35715376
60,161.1513393539823,161.3021387117212,160.74673528726956,160.8816349126437,2239771.2077191556
61,161.04251654755632,161.05025756429916,160.41847546365403,160.49499133371944,1470319.1304463753
62,160.37817468694004,160.45576563185062,159.6005571254125,159.75024607521866,1438634.9107562515
63,159.90999632129385,160.06097771034237,159.8588681900405,159.98127587502657,1318377.2173126456
64,159.82129459915154,159.8658909275915,159.68055148075618,159.75839034551873,2788819.00740044
65,159.8769206137565,159.93286330693473,159.4286557539682,159.44260073457684,1424310.4267280963
66,159.545807929654,159.5972720813818,159.25167415681298,159.27771688123468,1489360.5795858654
67,159.25592055567705,159.27302183179825,158.52345543492802,158.67202665304345,584741.7424605562
68,158.83069867969647,158.9850217916412,158.53164657547134,158.60853869920226,1339846.8894162038
69,158.74928542408773,158.87571976694886,158.29842133586607,158.41697012157113,2888591.473851787
70,158.33702405642632,158.692004365956,158.29890946217043,158.53827274808202,3251626.9386185016
71,158.64045984753986,158.79698143736985,157.68693051213904,157.71683867352036,2288047.343634339
72,157.87455551219387,158.0177754156273,157.21400011966804,157.23643959628885,0.0
73,157.3936760358851,157.53220236543572,156.1525888595808,156.2981844986341,4677387.875561443
74,156.18411883541168,156.6606600499716,156.15237298122207,156.64395125820795,3132749.0432403595
75,156.77004186042248,156.8128889318647,156.592928216354,156.69859308478678,2591885.840808157
76,156.54672572024967,157.07345550676723,156.48261345629606,156.93832065184634,2034964.2831897882
77,156.92697189743166,157.00541659124235,155.92188117024824,156.00184447783073,2132190.8385954644
78,155.8606416127841,155.91831466119473,155.66080864992333,155.80607419229753,0.0
79,155.65026811810523,156.6455768853017,155.54283983745503,156.51638979224796,0.0
80,156.6729061820402,156.73918560868253,155.70991296769523,155.83853221190955,788375.3279509468
81,155.79059532767295,156.12370661613483,155.7427130860368,156.05354150777939,3122750.9935662006
82,155.8974879662716,156.7735396788932,155.89627432214374,156.6291252647832,3021518.1627748776
83,156.64005011954143,156.66967352506776,156.14749352271897,156.2501621283195,0.0
84,156.10072836367706,156.13812629578172,155.92050442866,156.05733293440898,887363.1040689934
85,156.19254809146125,156.20614747309114,155.56414513441598,155.7172282671414,227313.0863210964
86,155.56151103887424,155.60826529625297,155.37816979392164,155.5095637932861,944087.2972764054
87,155.65644982685967,155.66668410568855,155.41171322855075,155.47734665770713,2123976.3040464446
88,155.32186931104943,156.32919575264586,155.23699596491147,156.23509687587227,0.0
89,156.39133197274813,156.54292801420712,156.29841807952923,156.31820861908542,2801968.8653865196
90,156.18858212209926,156.2123487001535,156.16288814303135,156.18797790236636,1186000.0284886092
91,156.20335632374236,156.36673777560205,156.1405101303049,156.22565153615525,1209541.3641538816
92,156.09014995107947,156.2296926760477,155.22125502670661,155.2934279732548,2233167.389027001
93,155.272919401313,155.29706804575775,154.7911429693336,154.80098172688741,2674759.7627319
94,154.74963456178244,154.83883132228215,154.4413640168015,154.45771167226766,1196897.8924277527
95,154.32792343010397,155.18320991425244,154.25526701195287,155.10232678128529,96417.85146608739
96,155.0459873524289,155.16961507274118,154.08930754420572,154.17680627767749,0.0
97,154.23217590423397,154.35284756131261,153.85582490800536,153.90387882588084,1126774.4208118788
98,153.99751305135698,154.06055742435885,153.11020860446828,153.23880112355613,3642796.369339995
99,153.13083695189448,153.95699286614152,152.99219842000065,153.82979400762224,1705655.4340705639
100,153.6759642136146,153.6877226183639,153.5067407701839,153.62627435283167,3021539.3984304443
101,153.77990062718447,153.89503642225253,153.22090598450947,153.23700350119694,3002221.0216110917
102,153.24044030703757,154.0783783431676,153.11050527951687,154.0621741752199,0.0
103,154.05318558572586,155.00232904848008,153.9764195111591,154.89178833629697,0.0
104,154.81426356206842,154.9255514777435,154.71291437857968,154.8821204602317,2004189.1877363122
105,154.9609221007599,155.49587167492876,154.86732191313592,155.35990584429445,2173925.1815075353
106,155.4665353060907,156.33977034869764,155.44779421533764,156.19650820072644,0.0
107,156.2219947185957,156.2649986363042,155.43113529314545,155.50103570802628,2847338.2268469115
108,155.6129330557991,155.7346310001955,155.32903695181105,155.4444189449795,2960405.2616667217
109,155.38450376072254,155.4901901797196,155.32330250779145,155.40808562060604,944948.9406452544
110,155.40904713180683,155.79986657493714,155.39023771943334,155.77279445578228,3851074.7303786343
111,155.73807617987273,155.7550493459126,155.6213408632474,155.65107588134933,3501946.4482607227
112,155.80672695723067,155.92531877062333,154.7186133156306,154.722280903696,172357.41378682246
113,154.56755862279232,154.7170285785032,154.48495289594214,154.6980591452679,2158501.52885798
114,154.79691899193003,154.81014060876402,154.05734801255736,154.14820365226353,472900.14016119775
115,153.99405544861128,154.0505224882225,153.5649955856612,153.6724052186369,1388629.8946995293
116,153.51873281341827,153.63067133526238,153.41051170172284,153.58756507491486,1463274.4241116208
117,153.4699809874932,154.5125709944095,153.4520130197802,154.41462349878586,2712875.468922226
118,154.56903812228464,154.72094657436867,153.8480794696756,153.87255723914666,2656480.8432490304
119,153.97572676339232,154.61004146702155,153.84231012295024,154.52310740974661,2930091.061989469
120,154.3791936679277,154.56209345941122,154.35866996014423,154.43484177940346,3036525.424788763
121,154.39796034020006,154.79760240069,154.2556668992586,154.71461868181913,3080601.628247469
122,154.6995055107668,154.76469687287135,154.64233957220114,154.75181350127122,3404154.6889377115
123,154.85912264797747,155.1040485334828,154.807343176019,154.97317708623285,2127594.922499646
124,155.12815026331907,155.1734563276265,154.5524182571671,154.5659958518481,3107413.6286822828
125,154.42619882056172,154.49180461858597,153.55519546990755,153.64367572106653,0.0
126,153.712554753069,153.7779296224901,153.66674353363905,153.68369235411262,2407354.6942236573
127,153.5300086617585,153.63404738982308,153.13851342276453,153.23623506903735,1193937.8415613729
128,153.0829988339683,153.82584382494932,152.95133055965704,153.80995484906705,267489.2978272808
129,153.73789925606994,154.1080144541967,153.63159243085826,154.1012737545288,0.0
130,154.01617183380958,154.9701590663712,154.01565980852357,154.93109846413836,1808835.8748989054
131,154.96192877941846,155.01467669818092,154.85280584787085,154.96821659515834,1015739.2524942256
132,154.99820254556357,155.35838833340495,154.89485695263042,155.3015435161515,1646224.5756525274
133,155.37625698361796,155.39113414454664,154.59651228022994,154.65929968690418,4168341.2992308866
134,154.69591322789046,155.52108043263658,154.55360807854532,155.4921293275958,2167940.42175908
135,155.48075032231924,155.62168037103584,155.07708495125348,155.1340368561535,1039928.9962892439
136,154.97890281929736,155.02298037197662,154.79472562992572,154.8320768773517,29379.47498399741
137,154.98690895422905,155.570684818649,154.90623166679453,155.44325365773236,0.0
138,155.59869691139008,156.36145873235182,155.4577959346346,156.28030483637977,3212901.1326986994
139,156.43658514121614,156.45301644199483,155.91111938542616,155.958150872739,0.0
140,155.85748490229224,156.05843324415076,155.70280694012155,155.913971410713,1169876.666450227
141,155.7580574393023,155.8306146995118,155.04434922984717,155.19655713548272,3614585.852704211
142,155.04301485349265,155.45169111582058,155.03968356406196,155.3480403577514,2521862.4182569347
143,155.34659237118018,156.31046581769596,155.2100425343606,156.18457881935836,2214970.5458725807
144,156.028394240539,156.16595870762336,155.83115369055227,155.8816448381282,0.0
145,155.8840532651067,156.38723083757998,155.85461543423577,156.2723205921244,2185955.821884874
146,156.11604827153226,156.2198550161935,155.22082123934237,155.33981854746887,2335969.3558800286
147,155.27044207665836,155.75800182262535,155.2561103020655,155.6467051250603,1706763.938171888
148,155.6588640393039,155.8651961089767,155.6378273828693,155.76261608327349,3031389.886790014
149,155.90376475801892,156.08845768107432,155.76836267524553,155.97964680889754,1925923.711406542
150,156.13562645570642,156.28479339393564,155.27023555970072,155.38109483628176,2129154.200331529
151,155.45334855183378,155.59890057614487,155.01647193460704,155.11253465599677,3391256.882609286
152,154.95742212134078,155.4510015177826,154.9182009425188,155.4074506072112,0.0
153,155.46799798326512,156.39097068790215,155.38892846877772,156.2443089889058,2979772.9121772824
154,156.17523518155164,156.21896552625202,156.06578441944242,156.1427463255392,1278801.9500363623
155,156.23890221437858,156.35259349103913,155.16102655228025,155.21101747135057,954210.4478877796
156,155.3001516885129,155.37637851151806,154.94363295792309,154.98250788903292,849076.4896702057
157,155.13749039692192,155.2165856965183,153.95376124547653,154.05770236400605,1323814.4344080808
158,154.21176006637003,154.35678717204627,153.01386672859,153.13841530213202,0.0
159,153.1867750074401,153.2656296687827,153.16207377930334,153.22158233702916,362199.2196056319
160,153.06836075469212,153.21796009833287,152.76458990291184,152.76658308790988,2089266.6298480364
161,152.82928996779907,153.2346593562127,152.68310625068094,153.15299087511167,1898133.7371486044
162,153.14095979787905,153.9733887800949,153.14068018904365,153.9275548677473,2561794.5665445784
163,153.9665130189608,154.31571925751095,153.85297427900775,154.275543046397,1643367.5247997127
164,154.1212675033506,154.65187232367597,154.03525623364686,154.62136973762813,2641977.6193755264
165,154.5113018168332,154.58583193684234,154.1723554399109,154.32041951098967,0.0
166,154.16609909147869,154.28192873911965,154.0454120998387,154.12700749094756,852823.1408687724
167,153.9728804834566,154.4888162012142,153.87737318620077,154.34375703392473,299864.45536939707
168,154.29510448073665,154.5992116915471,154.22931810156888,154.4599190257188,2957400.1473552757
169,154.4246424258277,154.5275110209514,154.3202579215826,154.47113253747884,3562018.5827962793
170,154.47869855746188,154.96028359271781,154.3360898532389,154.9541260129238,2529324.8668599026
171,155.10908013893672,155.43021518647507,155.03355531693984,155.35928171343696,647035.5871260315
172,155.4000486198776,155.86337797895493,155.28054681567534,155.7231909395844,1772006.1452775318
173,155.84265724640647,155.99008395636238,155.73232695938268,155.93234422610303,1204543.842122711
174,155.9443730690025,156.04073933715213,155.52031530787934,155.53740087611166,0.0
175,155.6546794800879,155.67851402666946,155.56359859354995,155.57058195982373,859815.9295233181
176,155.41507064734478,156.07176016737486,155.36232350806677,156.0529933197119,762082.7966288613
177,155.89694032639218,156.8199288002378,155.77235440785836,156.75036751831004,916790.0398509912
178,156.59361715079174,157.53879301370222,156.5860206491142,157.49601674234836,1956251.4897073808
179,157.6187425647935,157.62899499089758,156.47084218569253,156.5562127061578,1857849.6793063853
180,156.60076240575862,157.30121641274485,156.50605663676538,157.17646629445187,553639.0875794053
181,157.22572685755722,157.23439602457773,156.8653021426143,156.96239740784478,2142233.473843853
182,156.9859166096259,157.1267960449453,156.73114158607618,156.84309137536147,1935645.3915495295
183,156.91138282889244,157.01618285299534,156.32748589681904,156.37314401691526,0.0
184,156.45434527038356,156.7544412902104,156.43660077555313,156.6458181408494,2872310.875941764
185,156.615778339681,156.61743966907892,155.71653881544538,155.73518901289478,898826.816874328
186,155.89092420190767,156.03958882492987,155.85780451871264,155.91615071244442,2509725.202022603
187,156.03357634009896,156.7412900969876,155.93161146617686,156.64440169269085,3051133.6890471503
188,156.71855914413194,157.09726597219094,156.67631193115494,156.969161104176,0.0
189,157.11127920421941,157.46782659517012,157.084236343215,157.46612522212965,0.0
190,157.54952767314242,157.63589211140706,157.20143810457333,157.31619200300975,116082.5745531919
191,157.15887581100674,157.24341909284493,156.55176081920789,156.6028060592755,0.0
192,156.69144715516342,156.9797545201359,156.56391818341766,156.83582745969588,2653504.0269823084
193,156.67899163223618,156.83413135838228,156.04717151502086,156.0709087645979,0.0
194,156.03469537257172,156.6387699818699,155.93385325186472,156.49770818282335,725956.9172302694
195,156.54226614500425,157.33328759243074,156.38759921835523,157.26304082071076,2826207.0514222393
196,157.3614149927146,157.49552001862088,157.14937615171416,157.27379678893337,1877660.6574515472
197,157.20931255260962,157.23123889710425,156.37603719882821,156.41010146090744,2481267.0213733306
198,156.2878032810996,156.9688528358271,156.23166095453294,156.89611969755776,1381638.99271413
199,156.7392235778602,156.92809787458347,156.69647565943728,156.85497318443453,0.0
200,156.99930149492073,157.59277036505898,156.960932378288,157.57297252565144,1893147.9932899843
201,157.55365379782612,157.66374242344313,156.73848703128326,156.80534821392695,238347.8543892582
202,156.93409849965505,157.6948568184968,156.82820060567457,157.64973417762846,252029.49502942804
203,157.59603505768797,157.8104784084561,157.5956356785648,157.71314253028197,297161.27246465
204,157.7095996728422,157.80491518486238,156.64897950176262,156.77204286963004,3310547.4236770896
205,156.69252360385167,156.80764679387403,156.49246474038844,156.62208507097947,349578.97463656985
206,156.77870715605042,156.83507542242424,155.96963788879614,156.10147199890335,906502.566204692
207,156.25757347090223,156.33526987400748,155.89276465107434,155.96567668624712,3724110.7444031313
208,155.85517821475688,156.58220792120346,155.84960549680736,156.5328161373213,712644.4092399096
209,156.68934895345862,156.79699759295863,156.28998527166013,156.4235962323039,0.0
210,156.50567370728842,157.21882756947434,156.35898241961047,157.15505952930965,733258.3486332903
211,157.2714906321424,157.28986974616393,156.0974435264217,156.2172900395896,233750.44424496056
212,156.3601409386855,157.12144414137174,156.29534673734108,157.05850935066158,4323698.365717588
213,156.98318583329075,157.02553422459007,156.89047440841816,156.8971577370754,0.0
214,156.91325757058323,157.04827437536136,155.9019136370227,155.97782380954686,666417.7990075982
215,156.1338016333564,156.86188004725608,156.01152759846164,156.81775361151898,0.0
216,156.8093440713107,156.81069178079684,156.4719482018245,156.49734243508385,1440915.1319615962
217,156.65356643268487,156.74935785749648,155.43575994102662,155.56546701031644,1620293.1858303987
218,155.53255186923883,156.43698976957887,155.50295318512025,156.37163327570136,783105.1077461353
219,156.45372081503922,156.59383972428296,156.21536467431915,156.3181023870951,3280382.2564817346
220,156.161784284708,156.27317351637413,156.0605473329629,156.19134692359356,2432099.4411648116
221,156.1702917811135,157.17191812495096,156.1184192283329,157.03242653277874,184634.9752305257
222,157.05848846844367,157.07682660987155,156.19839857714413,156.3392672291772,1585475.4070621221
223,156.18292796194802,156.66413582687906,156.11568679727466,156.61988758232735,1583573.2939387427
224,156.77650746990966,156.9704537186386,156.6303342748639,156.84794910268243,2492039.864722319
225,157.0047970517851,157.49821803214834,156.9908454854822,157.48394283233418,0.0
226,157.32645888950185,157.88937488005473,157.32040013951465,157.78052624809146,0.0
227,157.7396687069636,157.75014638258193,156.73047590544593,156.83902449796906,1413050.3468998447
228,156.7859468654777,156.92745619802034,155.84780260565023,155.90314084005718,2977956.89946209
229,155.87100115480163,155.91476776018965,155.64580456662182,155.73201589455402,2601813.407074258
230,155.8764255655898,155.93339605109054,155.75866550689676,155.93040442995866,1244785.6089467548
231,156.0863348343886,156.87902252674812,155.98520036913618,156.77007888184872,1596344.8316428578
232,156.66395529014943,157.33863161455872,156.64090541776173,157.30500465688127,1202112.189754403
233,157.27779075694866,157.36811266048682,156.22485851829725,156.36634042049388,3140022.2022663057
234,156.44665531489113,156.49543540490606,156.2272692795645,156.36535886404306,1307059.5522754758
235,156.28109794110944,157.18652303934005,156.22808815558002,157.05908790768925,1786851.8408907107
236,157.21207259346312,157.35379126229438,157.0090049885635,157.0774816849301,1947383.9569168962
237,157.16848515932168,157.21538910543993,155.99020667269772,156.1401751146716,1125714.8505027026
238,156.1992403881299,157.0090969434538,156.09279052780275,156.9809791672021,3652689.9407443507
239,157.11919422344187,157.25212642689613,156.2251295789063,156.24241010297837,0.0
240,156.0861676928754,156.20136494760249,155.4892927016584,155.51602444421678,1470455.5015100064
241,155.671540468661,155.72031120396582,154.64150866779778,154.6428104676617,1542909.867192653
242,154.5330479179178,154.6521547525696,154.2680952050066,154.2701074850357,4002047.0588322207
243,154.42437759252073,154.44430283169444,153.7554937956534,153.83323734854494,0.0
244,153.98707058589346,154.65829270750956,153.89903935612745,154.52118843371147,2279297.861707677
245,154.61742385349106,155.0257855458058,154.47902251462023,154.99952072314287,1422562.017354974
246,155.154520243866,155.1801504489267,154.78555247847754,154.79983231774025,395483.03484765114
247,154.954632150058,155.67773965148416,154.94584915148377,155.63341871693706,1791289.650586293
248,155.78905213565398,155.86020497154988,155.33035583336905,155.34636157847453,1914143.7135023703
249,155.19101521689606,155.25476433545194,154.47548139918504,154.56687815616,2371585.1087287664
250,154.72144503431613,154.7814894428697,154.53630827068324,154.67572928837802,755183.1493520973
251,154.67440369279984,154.79818188242578,153.69974538074928,153.75275436055023,0.0
252,153.70432492727738,153.8544590892269,153.47479114913102,153.6261521914932,1834488.915447647
253,153.59794329329168,153.65372442199703,153.54914775219885,153.6250225248043,2916594.600581375
254,153.7300281472957,154.5612307838652,153.59740459304368,154.45228265445436,3376759.6490227366
255,154.4695740181788,154.48229546411594,153.40664962626414,153.5306410685915,3211054.759513661
256,153.4435045102538,154.4851616753361,153.3428829074393,154.35739296062232,0.0
257,154.2030355676617,154.66607321962462,154.14188961917162,154.58180738778384,2292079.129723424
258,154.42722558039605,155.51004973844232,154.33822729327204,155.4142197378,3005786.8924131924
259,155.36091227223213,156.29596785451267,155.22384350706565,156.146664990173,857847.016520003
260,156.30281165516317,157.03067913238507,156.2367741675566,156.9875039902346,684817.2145717929
261,157.0480007590206,157.0605420126129,155.9000610392118,156.0507343313367,4212672.899859014
262,156.20678506566804,156.35070909628297,156.1938178419858,156.31904002967096,3247174.587850522
263,156.4753590697006,156.59399545631746,155.53872633358833,155.67413948297659,0.0
264,155.5715183638872,155.65861712262074,155.01055540158828,155.13429539460185,3865741.357217286
265,154.97916109920726,155.13155608303344,154.8122825812348,154.89253311992167,537006.6268711302
266,154.73764058680175,154.81327452653986,154.5492020254076,154.58456252210075,946730.3530865512
267,154.47913122982152,155.05100822954543,154.39069132006136,154.9533751322417,1389318.7818993495
268,155.0749576151806,155.56156760492175,154.99865810453167,155.47496007667218,1675785.35868502
269,155.33230639304765,155.6084457658448,155.31645981009416,155.53276125439496,2355996.5145523986
270,155.68829401564935,155.7313802253254,155.55385521736858,155.64287634036938,63750.95953256753
271,155.55109213720107,156.2507829423136,155.40918430038457,156.18904334335133,968547.581719224
272,156.12098101117292,156.2249493887398,155.19648074642808,155.25703822741906,541928.8634091828
273,155.13312306828382,155.277614290398,154.85242439882282,154.98888325927538,181113.68044791906
274,155.14387214253463,155.95387937328056,155.04311691510708,155.82348768472752,1275024.3776163564
275,155.8715576339493,155.93295931869957,154.91661835998738,155.06378575047967,1243138.3380259913
276,155.21884953623012,155.22754217264372,154.07270420193538,154.13849522739494,1440342.6128606112
277,153.98435673216756,154.1372794283028,153.42333116752255,153.5020171200644,0.0
278,153.58716899271926,153.6857034802592,153.4328781706079,153.46677585448458,2011149.6677146414
279,153.49750650217445,153.50287521774703,152.53889273653587,152.5510149460348,2690644.6838060496
280,152.4599199239041,152.53215524180428,151.82237210838537,151.971861775085,2410196.088508581
281,151.86263244165136,152.46070227244527,151.7374480396893,152.35587733939397,2299705.377701103
282,152.25123168473772,152.63335683946926,152.10676323357012,152.53070531983084,0.0
283,152.378174614511,152.86305508933373,152.3715755588682,152.7728677685076,485667.2043267173
284,152.65484529699714,152.72392817226492,152.28953287862302,152.40451673658896,1463485.417863306
285,152.4265217109493,153.22691428115806,152.35319806960945,153.2252045269156,3494993.2782631842
286,153.18026496642213,153.44410125992133,153.0770053652398,153.43030532209028,3256051.431901736
287,153.5638876378439,154.33534539227313,153.49089832090974,154.25651691306015,0.0
288,154.4107734299732,155.08351173532117,154.31262854448815,155.00994708126288,295106.20909996144
289,155.07221893516763,155.14963448263595,155.04095728728475,155.13193623351387,2059367.2954202937
290,155.28706816974736,155.34068653798022,154.63460297292355,154.7596615191761,1599363.0136241594
291,154.63564623516484,154.76083503694505,154.0829201269725,154.2133024683864,32551.68489170121
292,154.1416014980535,154.23214843454414,154.03084616317852,154.15548446186145,781828.421439986
293,154.12155147663952,154.2765305227079,154.11083071085392,154.1271529181615,1018096.2249754025
294,154.2627695897654,154.99782847681868,154.2321226272836,154.9571169852788,861500.5056272905
295,155.08806049616828,155.09475437678333,154.80523894515818,154.86165351171246,37230.18927294901
296,154.7310256465306,155.76445771436852,154.57704264080158,155.6955728137665,671518.2092679894
297,155.63743624723423,156.13658301215392,155.57759373489358,155.99906231247482,1612041.7653580739
298,156.1297567663549,156.26929005825005,155.65199063360254,155.75904702941403,734661.1674149833
299,155.91480607644343,156.00444896235464,154.67722878161175,154.8296077705729,1645323.419175077
300,154.85210809257012,155.67665382026738,154.79480508027015,155.6633545085255,3645670.745393933
301,155.72480002511858,156.46799181846714,155.6824397835197,156.43504412725005,1048937.962115106
302,156.473842124911,156.48842298860237,155.4559836641419,155.55234458022014,1477710.173403541
303,155.6128407600815,155.7891868935206,155.5721175448653,155.77381695789882,1469863.4830899811
304,155.61804314094093,156.69194168064215,155.54402577875243,156.6126481970732,0.0
305,156.45603554887614,157.49871185503477,156.42189737354445,157.36834225031615,2692364.7311036214
306,157.31899859606608,157.74482235138666,157.24405106763197,157.7318506298811,1050256.1968888964
307,157.66274601311008,158.5233361408432,157.6081549998346,158.4512161760337,0.0
308,158.3640400619656,158.49917123393095,157.78160954430697,157.9343425165099,1668932.2419853143
309,157.9834472993747,158.44883143738926,157.83005186513722,158.3157352621219,2537218.7531615486
310,158.30335551661912,158.4066492887,157.2569356040657,157.37103983382278,1312356.459268431
311,157.37706565379435,157.48400113415346,157.23203153938707,157.3343657798367,904461.8647813213
312,157.49170014561653,157.5333312296301,156.3449159182565,156.3955263409113,1257219.6937007494
313,156.3153011945677,156.40438976624375,155.42328658107908,155.46228910775773,544775.1163387371
314,155.30682681864997,155.4177148072343,154.57385327527484,154.62216545602578,1303797.565077007
315,154.49974146061948,154.56625401951737,153.79998370863711,153.84378355030634,1198132.1514328134
316,153.68993976675603,154.42896836067797,153.6503702237463,154.29568727080974,1308352.8838919308
317,154.14139158353893,154.23445677214872,154.00059054597048,154.16158959194948,863981.2473814428
318,154.1585031196377,154.5196706933944,154.01422928516533,154.49431703967164,0.0
319,154.33982272263196,154.837815295185,154.18956268795472,154.81837359383076,3307689.4029496573
320,154.66355522023693,154.79386370474944,154.05230768734637,154.08849454721081,670809.2478522054
321,154.0206443974522,154.42526586482052,153.9213690389857,154.27886392678465,3173603.6042540986
322,154.43314279071143,154.47307368127022,153.31889223238326,153.35825715833232,1594959.0232532602
323,153.44519686951477,153.46584503535075,152.92934484812594,153.07425666379297,1965681.3597266213
324,152.95634042309536,153.10677061175826,152.3751546163983,152.47786454877232,2199070.917693289
325,152.63034241332107,153.1280079879916,152.62931194001158,153.0207892279893,2315568.6712048664
326,152.8978515050121,153.92184149463708,152.77736306627673,153.84479560309308,1863555.7330162579
327,153.69095080748997,154.22675548265775,153.68790820452136,154.16617791177197,1143131.6109756273
328,154.0409189039784,154.08186882218695,153.50547511206256,153.52657514515127,1552090.201133459
329,153.58211314886157,154.47971263192508,153.52959752542256,154.35330514246536,1287618.5302491004
330,154.19895183732288,154.30889190603096,154.05786685150053,154.14730369617575,0.0
331,154.12235630358654,154.13759804380342,153.09129815281102,153.22748196875676,2201409.486936931
332,153.3807094507255,153.56392351428167,153.23719972983454,153.43449449948537,2770417.7543659424
333,153.36257946035863,153.39928942058575,152.58471689036932,152.62076845582874,1340724.5050615557
334,152.63487100916,153.2896814243662,152.52086072730975,153.2132277979234,0.0
335,153.20209473001745,153.27985794506174,152.8164090552827,152.87484039335314,2428031.119506117
336,153.02771523374648,153.10508614639124,152.78523925734214,152.8189561759248,0.0
337,152.92598637760904,153.02601957653758,152.55935786827683,152.6407592319903,4092059.5483540725
338,152.78646600908607,152.9087678288425,152.52950690449296,152.6329530098018,0.0
339,152.67808209549347,152.84543005093025,152.64582459843447,152.7960474445962,1133841.3237869292
340,152.78359331741714,152.85407883363425,152.37207839814448,152.48329578603844,2419141.344625987
341,152.60135379344842,152.63812069880797,152.21861364086584,152.23229401032432,3723602.2861549947
342,152.15335298461903,153.07277125818192,152.0528404874085,153.05205439317194,0.0
343,152.89900233877876,153.01111245312498,152.86828522329375,152.91113040088192,1202086.0053837171
344,152.9284400990599,153.35095651757197,152.81343164509178,153.33836440885645,3068331.915764508
345,153.24289456925408,154.25381927223643,153.11497261469984,154.16408090436235,1721685.7945013002
346,154.3182449852667,154.62127028777317,154.31086584219148,154.50990490262743,0.0
347,154.5502810817503,154.66945787159042,154.40441980968492,154.45408445381395,2781620.060724075
348,154.5269269730088,155.41953069620544,154.51866546103417,155.2858090246573,76697.73414799082
349,155.42871153893716,155.58344201144357,155.24009792908322,155.24463423247178,2866415.1839235285
350,155.0962724345407,155.4463324453328,154.96811357926947,155.30841605781035,1645843.6109971856
351,155.46372447386815,155.99053253655148,155.32250934426494,155.8653451363145,1802207.1726006093
352,155.959396789003,156.01984407315183,154.84342208886923,154.96778315727494,2352086.6291723144
353,155.07277664988743,155.8320378067291,155.0593729920999,155.80227396013598,1360822.94257477
354,155.71877790999764,156.4067159248225,155.64916868172122,156.2761303484206,3417142.1719429526
355,156.34900972706106,156.4657392078539,156.0386087201625,156.12029791696733,0.0
356,156.27641821488427,156.5241796972064,156.18788422581312,156.5174634647553,2287666.8981573246
357,156.67398092822006,156.76230730833063,156.61206287342222,156.68936436632222,1578670.145256285
358,156.84605373068854,156.95400102829635,156.31394760600543,156.37669958416495,2364829.8119707895
359,156.39157490246726,156.42705663497242,156.09842273836549,156.1416000891766,636823.0106152642
360,156.0024628244727,156.06842438975218,155.19258500147967,155.2098780747645,0.0
361,155.0955481332778,155.4616304803655,155.07060339126903,155.37091960243833,757090.2080122755
362,155.47287656750856,155.5666679718799,154.4533445442685,154.46658916687292,1294569.2078430576
363,154.43966117359687,154.4944416991168,153.48174739271155,153.54486221175188,918937.9566868539
364,153.63056834766982,154.49463303296466,153.50008805953638,154.37169068365583,2059791.0311662788
365,154.52606237433946,154.5435221925546,153.60438306487413,153.64267837384,55077.521541947965
366,153.63072961318315,154.2600750170651,153.61759484496696,154.1751334372764,1087307.5638399352
367,154.02095830383914,154.11158321552324,153.77958732930344,153.92776556578494,1338379.2445235006
368,154.0816933313507,154.71550912017733,153.95718309905402,154.62960362736055,2251938.5155753084
369,154.57816241274014,155.49963592003482,154.46467060324628,155.42446251527602,446085.33317979984
370,155.26903805276075,155.40753130497384,154.496022614657,154.49701977598718,1113106.1316740308
371,154.50381497375773,155.33902625835108,154.35180476882513,155.3289755505733,1851612.0401980265
372,155.38951773187785,156.22864854412708,155.32404008386612,156.11988687680028,953975.0522835128
373,156.0519186017194,156.39788469388813,155.97986688885504,156.3769989040733,0.0
374,156.46069025241894,157.2222726830748,156.39874194206268,157.21907823634342,1713130.5525264195
375,157.13878481155965,157.4330273277383,157.05115028472903,157.38547253859858,1109356.9359315417
376,157.54285801113716,157.54947911354202,157.48804720854926,157.52758748549255,308511.13907780475
377,157.37005989800704,157.42145851987684,156.4391876668279,156.5875950616053,1354389.07654032
378,156.4869964091029,157.4935127047682,156.34065301204973,157.43080843962994,3586081.9023055574
379,157.58823924806956,157.6828394300988,156.76832006052211,156.89506260863362,2378589.5371390474
380,156.74087685023045,156.88790398458468,156.5930303550477,156.65439781502226,2355623.328769663
381,156.50759960829518,157.61568003434624,156.4082148228638,157.4979709212575,1583856.0042503197
382,157.35625863721617,157.96220188007788,157.26512109765898,157.82229736135952,2255753.044792368
383,157.98011965872087,158.119395267976,157.5937455647679,157.60380699965708,3120041.9955425337
384,157.76141080665673,157.88774581714173,156.64469281741907,156.6633597616829,990280.510496213
385,156.69873427912466,156.7429342155704,156.54644018275945,156.69307777458846,2580478.411444235
386,156.79271819638035,157.43623213032055,156.65446276584717,157.39253285221469,2720260.8557547927
387,157.54992538506687,157.62058000745563,157.43082975804487,157.60263773823178,1803309.396650609
388,157.6705376530988,158.40855365297972,157.56949191164745,158.29761439358046,3503227.198037909
389,158.3234112414829,158.9599238922885,158.2462602595329,158.82262573936836,2391160.5765852975
390,158.84270731375327,158.939267852939,158.76330109101494,158.77355642518404,1789154.2281095888
391,158.9323299816092,159.07157136214786,157.6871662098805,157.82612910444854,3737427.2812190456
392,157.89844709809034,158.2237887735619,157.8273543199716,158.13510214633865,95596.84054652345
393,158.05630812193542,159.0199981219587,157.9328522873558,158.8942698377418,92744.6025023458
394,158.9020702848783,159.34667169137188,158.8104079892923,159.30320419047916,2904118.6775580025
395,159.2114118861424,160.20989812618123,159.07969090487302,160.16104093599375,1715361.2549666257
396,160.14056826900125,160.14958770281203,160.0329570336206,160.11562353984328,3810616.1707315845
397,160.0522947461104,160.6718433349023,159.99239442343023,160.63351590487028,2006287.9813161953
398,160.47288238896542,160.59253260924243,160.41743381175237,160.59011860546994,1649861.486176582
399,160.73009908263222,161.1361422464618,160.64797046576695,161.03651284928299,243429.19252099842
400,160.8754763364337,161.3175129932958,160.77605376470592,161.22788819143304,1046283.4057158334
401,161.25472617070642,161.8103965859167,161.16409628505232,161.72339184901622,1859196.1434956416
402,161.8718911366888,162.0236330780831,160.99106741546217,161.01188784712363,1817482.855407462
403,160.91733255960483,161.22427555065255,160.8316347672325,161.16084684472966,1372233.894252717
404,160.99968599788494,161.06952606059554,160.73022195526556,160.8653887496392,1825914.5181178474
405,160.88133666544448,160.94804096241316,160.2643732244164,160.29376693593775,659525.9280345099
406,160.20693803487146,160.2170323766792,159.7089755679861,159.71704884419185,2233167.664569714
407,159.55733179534766,159.7787511783875,159.44567432780596,159.67420863890467,111035.50458306004
408,159.83388284754355,159.95158959259155,159.36003958343636,159.36659621278824,2304154.9564432637
409,159.52596280900102,159.65727402083417,158.9528315370274,159.04120211733886,916330.3900004441
410,158.8821609152215,158.94578850628073,158.1541402988269,158.21405575037852,3281942.7002384905
411,158.37226980612888,158.44854573114048,157.1354688169461,157.26996706006244,1563178.954975997
412,157.19629137998749,157.34743427256467,156.88310166888894,156.9634292640874,0.0
413,157.05485667799047,157.21824452157546,157.0408065596172,157.08040366306696,0.0
414,157.013203053788,157.35196718586522,156.9218868816919,157.23536743249562,2983963.458954867
415,157.31459804915258,157.39554972530374,156.22755512836198,156.29711873261448,3294736.9538642056
416,156.45341585134707,156.96136419649696,156.4231594983891,156.95422064117759,0.0
417,156.8224282298565,156.86879142350418,156.68874035730036,156.82166274255312,752025.9291442828
418,156.9284792053995,156.97122213968424,155.85676445474138,155.88588268502525,1872879.2078981644
419,156.03095206806378,156.19608106189364,155.90552121248209,156.1556060580735,1954256.428944348
420,156.31176166413155,156.43324863135322,155.79307020496395,155.91712216051886,2742720.0867226915
421,155.79789601871823,156.77932354086514,155.7563999807216,156.64362626570414,0.0
422,156.48698263943845,157.42681941482596,156.3789496144655,157.29494858776624,2921004.1110513713
423,157.40787372894877,158.24322899034985,157.36378555457418,158.14197101564582,944679.4121651312
424,158.20981889885826,158.220943869086,157.97834181474943,158.0772565761414,0.0
425,157.91917931956525,158.02284519692805,157.89970790402822,157.93739946203883,2375720.6501950333
426,157.99407462185144,158.14931769248594,157.10180282841077,157.2374255470259,2319628.5975477607
427,157.09962274375607,157.94551448943193,156.97594595137983,157.89242974976852,0.0
428,158.02377183461437,158.1202899008392,157.06090281440413,157.2035029880392,3018502.134750393
429,157.25831782701977,158.16118565422858,157.1767323386565,158.0500329876838,929391.000100626
430,158.16462604929873,158.26167106887812,158.1130140050312,158.135699391087,1581926.5296293646
431,157.9775636916959,158.0509958991801,157.32392783791693,157.387935259635,503507.2989379006
432,157.50979239539151,157.73935994993073,157.3672485140584,157.64209254531556,1471870.7211863806
433,157.4916988699081,157.92105630590368,157.47421660620142,157.76732260688328,3297011.7233886113
434,157.92508992949016,158.0636503203236,157.67759732768883,157.7621912202448,0.0
435,157.67942425778165,158.29768079606563,157.60788701630239,158.2156699023538,1221508.4636366388
436,158.0899519835057,158.1056699662584,157.92694990132225,158.0165664615742,65600.423357727
437,157.99578111173508,158.67903131310715,157.84357330416506,158.60123447098437,2565115.9443013957
438,158.46791224081684,159.2661511249808,158.33204114981635,159.17648296500138,3081164.81041679
439,159.0173064820364,159.7956804917782,158.8614865724607,159.69628217441118,925644.0749208434
440,159.85486378844834,159.990857805571,159.50783517670516,159.64183810083995,813326.0064260815
441,159.54692767637275,160.01759388141636,159.505938997566,159.88547371437312,2615846.269253104
442,159.78611702708912,159.7961129635815,159.4159344896521,159.4542335737804,1435683.012915373
443,159.29477934020665,160.41577281093862,159.2671545468239,160.26775962045159,863474.4626081008
444,160.39039569379116,160.4924194084601,159.86450831868856,159.97475658494673,533056.2314285164
445,159.8147818283618,160.84542999138003,159.78118695046217,160.83620959369622,3102654.0336971097
446,160.7074210989759,161.80814745347362,160.6446468254352,161.70230146736492,2114559.5822541034
447,161.79664359269012,162.61122243575736,161.66424153005048,162.57305718591985,49046.13365748385
448,162.73563024310576,163.05071000286972,162.64892666393,163.04323419462816,1553347.9557912133
449,163.20627742882277,163.24591687547436,162.20370343789187,162.2477759263672,1663226.6048562825
450,162.31837723094822,162.44386411998545,161.12118161650696,161.27961737967846,1321814.939930201
451,161.3794763370032,161.4505519788791,160.75017690794482,160.88427454415987,2455574.0685845027
452,161.045158818704,161.08110808353595,160.35983247879327,160.48138228771234,1427191.3741079795
453,160.4906063589893,161.3678917434759,160.33687604252611,161.34556344085956,819151.723747663
454,161.37039489896327,161.82712987059062,161.27361791048727,161.72388093978412,2569096.444860127
455,161.76100335486137,162.65984723802126,161.6492785220564,162.59475286230673,2800769.301878238
456,162.757347615169,162.79162564910436,161.73088026184826,161.7983521743397,2145144.66407055
457,161.86659027670805,161.97886638549622,161.43463171494443,161.54132622557836,1870847.8907945997
458,161.57149572696886,161.67453443596108,160.90705767711924,161.06811575331136,1127308.2026144501
459,160.96878105583886,161.0642218342981,160.89081247392298,161.03837102810718,2107789.730710176
460,161.18049401934846,161.20458649769157,160.4966532462873,160.52076283592547,66605.11601427337
461,160.46908630556487,160.5226571696829,159.95888203699266,160.0328737132133,670079.9055124971
462,160.12707204323377,160.93574966007176,160.07555039870488,160.89463967868215,0.0
463,160.78699726224957,161.526591110743,160.68152344318509,161.41910150691032,3755665.663534959
464,161.5805206084172,161.66319550023255,160.9269388953143,161.0114171611243,2762973.7037162157
465,160.8504057439632,160.9663983840454,160.4394896278402,160.50110399185857,3219688.240778908
466,160.6616050958504,161.11418676347714,160.62923644181595,161.02242180716394,1266831.2892665688
467,160.94345105252688,161.50174179057137,160.82217788710705,161.389259405231,2825959.888173232
468,161.47448870024942,161.57402861843485,161.36329982192274,161.4103524918196,1636723.4072430325
469,161.5717628443114,161.6610241614764,160.92745907018815,161.03601207645306,1274845.3921634438
470,160.98809045860116,160.9977302954149,160.0244875511675,160.07508431934625,1751020.2878079475
471,159.9150092350269,160.00960326347908,158.96678222463373,159.1198905725547,1079064.8053500536
472,158.98854917383883,159.84488674757068,158.84693710239793,159.78058445569027,1315244.8223153122
473,159.8635954904022,159.92686471328253,159.21360435960764,159.2386429246408,2624788.4422073546
474,159.3769375585193,160.2379944650842,159.33990771383532,160.09613201220054,0.0
475,160.2206208592775,160.3304700496321,159.91907799127313,159.95770337925097,2263759.0008285395
476,159.99839300331504,160.66360326733647,159.88661782805744,160.62000772427604,1860795.9130552677
477,160.4749928753845,161.3176534754588,160.4578305648343,161.21990178656142,1328942.8758030506
478,161.35498799588572,161.39856877779889,160.34470803627715,160.38926216290704,1535294.6796215237
479,160.54965142506992,160.54981059627448,159.28774413223758,159.43219366644522,2870568.4459176604
480,159.27276147277877,159.92008440619315,159.1560310564867,159.84145096869537,1818173.3247038925
481,159.7326039689163,160.22378888879726,159.6375371171207,160.2118331965581,3245908.3729355484
482,160.26504767817045,160.40142235171112,159.28838761236528,159.34868870975063,0.0
483,159.28988914542933,159.4064934655089,158.31655318215635,158.3978294822688,2126083.9108004738
484,158.4051512534036,159.403785760154,158.29438574045315,159.2507908475479,2739242.3865644434
485,159.39933992723,159.67225061830123,159.27780069604066,159.65159030096865,4928827.204498861
486,159.8112418912696,160.37266386777497,159.79881214699688,160.34179534529937,1970007.1876136472
487,160.50213714064466,161.27000584249015,160.35891828143315,161.20522483240822,1993803.7332158703
488,161.2977400697667,161.9187575282904,161.185937297247,161.81689243171908,1487076.42189611
489,161.6970910890044,162.5337813368813,161.6690083518269,162.53377004266525,428026.67968535936
490,162.69147917949422,163.01881467925426,162.55342042248324,162.9513702639838,1676244.5327574294
491,163.11432163424774,163.13441008451454,162.41253806469297,162.50034274824958,2670962.0055192523
492,162.5486048191131,162.57957952970133,161.60710077160235,161.7231173604273,931607.235130453
493,161.75945309007767,162.67856129605093,161.69383718906536,162.59398517112783,2067347.4489265657
494,162.64591880214036,163.16768741405966,162.64177668058636,163.08979397159771,809114.2246175305
495,163.1450340760529,163.29921799069152,162.5153598244108,162.56577598209842,290128.8737026481
496,162.4032102061163,162.4472739838878,162.06755813061807,162.1068328206509,980808.1387829415
497,161.94472598783025,162.03433005646667,161.1103962606011,161.2210529231023,554281.4090073408
498,161.16899106473454,161.21819228769397,160.46419942374877,160.48788206367598,320334.3567403692
499,160.3273941816123,160.7251408671552,160.29641294304193,160.72199221977334,1365367.128052574
500,160.82795840050625,160.9430700186669,159.6602299652133,159.76293826960372,497197.44192808564
501,159.6031753313341,159.62048334565054,159.4449621175013,159.60532992595705,0.0
502,159.65299445648753,160.20594429571642,159.53597795117037,160.0689876788541,3291950.1072710888
503,160.22905666653295,160.62218897086692,160.17285020297396,160.50023301565813,1875348.5538812527
504,160.43515387186295,160.83293471151495,160.42903995489516,160.81100779305547,0.0
505,160.9718188008485,161.1018235694641,159.92352553528445,160.01491393018975,163752.19523478486
506,159.87042715607365,159.92827534864122,159.00781088946292,159.08450931027167,72195.79941420513
507,159.17583757975618,159.33164119620972,158.07406815412335,158.1563450317259,982841.240085891
508,157.99818868669416,158.12788360156725,157.97382744339248,158.12135916076716,0.0
509,158.05944421726392,158.54997847600586,157.90781548481448,158.42719175798234,984723.4034703921
510,158.4493313115352,158.60048831393203,158.3700878105504,158.46420175737867,317970.53431565943
511,158.5433110260872,158.67189305710002,157.43559218361932,157.51862040564882,2051527.3377940685
512,157.48819890382205,157.64296113378032,157.11480342727023,157.19754152469048,1454291.7660060502
513,157.20268764926521,157.30110252172452,156.3742782612598,156.3772000731235,0.0
514,156.3981850634138,156.51016384364235,155.9493534807081,156.0028568267912,461946.23590428743
515,155.8922697670851,155.96897686110054,155.71719700070065,155.8575047177724,3777954.8651683256
516,156.01336222249014,156.10812199559237,155.2774686096769,155.3335097372743,992929.2397905049
517,155.46686067016842,155.59124964383847,154.69504540623439,154.78790929397925,1218733.2979245048
518,154.63312138468527,154.7865178447844,154.49757821215078,154.6098353720931,3275353.331348649
519,154.76444520746517,154.89906055699996,154.26769447922075,154.32277598067176,397237.24409656343
520,154.23449348047788,154.64577332657782,154.1404014292773,154.4931226572467,1406468.8971991779
521,154.3684943330133,154.405350654352,153.51773960167466,153.57123737252556,0.0
522,153.44176201532684,153.55392244024344,152.8526388865303,152.99658157198635,191133.52679670788
523,152.9087926546521,152.98277986457342,152.4757314166054,152.56957317584926,2952244.7173512923
524,152.66130326386434,153.47732790712192,152.51631436637072,153.3911497836947,1604714.4148661853
525,153.54454093347837,153.663617302439,153.26338202576892,153.29855619668353,3334729.5265985383
526,153.40338529908263,153.4331204682313,152.61379261435667,152.76518382143817,0.0
527,152.61241863761674,152.66236977138098,152.40573550866648,152.52987380018186,1268290.301021167
528,152.4482288112307,152.57351898962023,152.3179769051006,152.51796836131234,2075310.1744670828
529,152.36545039295103,153.35483957469765,152.22204557240022,153.33926708079778,1063175.9574307234
530,153.49260634787856,154.08499103231532,153.45942471991967,154.0093709556096,1247124.588363707
531,153.9903227673751,154.8759684634529,153.98381354630672,154.83870077499816,1180498.4774469445
532,154.68386207422316,154.69671486463199,154.2330727947653,154.36109646248215,0.0
533,154.21926544367477,155.21010386539587,154.17289094869113,155.0856620788666,1880093.4168763612
534,154.93057641678772,155.68841565708087,154.88882945075144,155.58908824646508,245697.8954658627
535,155.4334991582186,155.49086661752287,155.20198995633248,155.3204200569894,1543768.6783737105
536,155.1650996369324,155.40145752385033,155.13438393724968,155.25649699987304,533163.7763810417
537,155.19261382504178,155.23764712985275,154.76929401917835,154.79069418224242,555382.6780488429
538,154.93362623730064,155.33791063723814,154.81798531107356,155.2590696162312,1431305.0960540534
539,155.4143286858474,156.21112425344683,155.3522389028557,156.0951289765436,1833193.505626341
540,155.93903384756706,156.05145924864314,155.35627470022908,155.38355102881118,0.0
541,155.51442126799614,155.56271004368773,154.33071203520365,154.45635241493517,2451380.603759199
542,154.30189606252023,154.3043276559675,153.64320886352462,153.68578634940428,1694089.238355687
543,153.70866073019516,153.8499962642697,152.67342271545135,152.7687185701437,569812.7356270282
544,152.76733871374535,153.57411164951625,152.6805774443034,153.55738703582043,0.0
545,153.4038296487846,154.4053396600967,153.34527556779636,154.37536568653647,1812489.492068226
546,154.47961085774415,155.29993041462694,154.47713103907495,155.2066663622581,3016697.655554587
547,155.32786309906407,155.95781586722308,155.18671498890356,155.9301665388668,369079.93584458274
548,155.9999843950937,156.52748424336562,155.91758245525673,156.41034412060574,1154962.730364956
549,156.3821732518481,156.53196218142426,155.88340637630785,156.0164705412554,239245.2096214469
550,155.93666232752608,156.8644865614031,155.90144253719697,156.85660845320697,1446321.8916568311
551,157.01346506166016,157.0504208058918,155.84306637785704,155.9399459960856,927765.9017599027
552,155.8521056417525,155.96031147793187,155.4320952406639,155.50493208078166,3472838.3205050156
553,155.34942714870087,155.4109991417147,154.52514605395203,154.5770091666667,395283.2807168858
554,154.42243215750003,154.50796478380101,153.55367998245882,153.65462331766614,2730792.424342637
555,153.65585147333593,153.68613226323205,153.43161387145264,153.46592788069017,2163212.483830746
556,153.34800185370486,153.54285927757587,153.32556590807206,153.43690136324227,880886.0501080655
557,153.28346446187902,153.33314175870967,152.7040547250498,152.7383800736916,3301552.1816943698
558,152.89111845376527,153.02814474705153,152.1281785257989,152.22570538409673,0.0
559,152.24271974185766,152.6189712584139,152.12349718463184,152.52150334402705,1417056.9306041857
560,152.54166480982755,152.62803827126928,152.52587718703802,152.54371337514317,1457670.3782805146
561,152.61124470374966,152.63932543274407,152.16807594418427,152.28582390125962,1068937.2830575295
562,152.3879828959724,152.8173805628351,152.33522051307767,152.6925415725923,1652134.7537896538
563,152.70896154045636,152.7311379224847,152.2255500643758,152.3505692227078,0.0
564,152.3494420995376,152.40493449248558,151.35720244109444,151.4414688985665,3551841.229534732
565,151.30398363954527,151.41002531056444,150.53814003914033,150.6549317198254,4105333.3633347703
566,150.8055866515452,150.846089555481,150.2913661656151,150.40532462169136,4261853.5466992315
567,150.42234884669068,150.45435031744057,150.03730661656382,150.04125457617283,2081715.8823967846
568,149.89121332159667,149.90007403471662,149.33036832151788,149.39564242224884,699577.1719342471
569,149.41531066576997,149.55213788608694,149.12947373103697,149.18150896229918,22773.510009950027
570,149.19922646945037,149.26559679229862,148.24550725490892,148.29131892989267,487951.5662227813
571,148.302443496146,148.44050789903162,147.61483729858594,147.7016761098948,0.0
572,147.77153757504897,147.85429306516775,147.15541489214743,147.1877093312599,1221165.3668116266
573,147.25816899853191,147.2737162744751,147.0924369949127,147.16593858584795,414595.71428040846
574,147.0187726472621,147.05342913534045,146.25129932879767,146.2877757857118,326661.8911083834
575,146.21476946741183,146.2219486018414,145.67317785009973,145.75544584211534,1600713.8038619803
576,145.6876329069569,146.2921479574364,145.54865564584213,146.18444567656084,0.0
577,146.10381646280936,146.51635423058957,146.10334520432795,146.38826430212507,0.0
578,146.24708414466565,146.9025691864439,146.24600009847669,146.84951936019166,626865.0105799991
579,146.86475466959402,146.9216829590142,146.11110863455156,146.21711983213356,1122669.3503230377
580,146.23003422457853,146.32960950552703,146.0857412185728,146.23872267617978,2677501.088706054
581,146.22654405853763,146.6504972642538,146.18476160358713,146.58594610533376,0.0
582,146.4393601592284,146.44616120894278,145.75192038296828,145.84394780805806,3018828.2766657514
583,145.93243459030685,145.97840451632973,145.83380830370797,145.85444866254053,1237439.9499952411
584,146.00030311120307,146.08217305673318,145.65647059140056,145.68006332610588,2223435.2773759235
585,145.6240287565838,146.04497479433067,145.5441271493457,145.96535674301626,1849953.4423998245
586,146.01902573866178,146.14607081189212,145.69007146270994,145.69697488288594,0.0
587,145.71057840631636,145.75560134825895,145.02369728097105,145.03387845649232,3198492.776618543
588,145.16815173956172,145.23961334778159,144.64176212287168,144.7855959610703,0.0
589,144.7369608904094,144.76286619038532,144.40473893568478,144.54338991673725,1555589.7046837902
590,144.4805228042294,145.28031964655204,144.35239023479826,145.15689906430117,0.0
591,145.01174216523688,145.68812008169053,144.95996336476088,145.65099555705567,3301508.1751804478
592,145.6860080914473,146.40633709993082,145.63250171007755,146.3301012744757,1656082.0740625486
593,146.18377117320122,146.25316544882307,145.96268079385126,145.97712538639738,2142299.24964318
594,145.83114826101098,146.13749487564195,145.71012023479074,146.10294566361486,2762814.605009904
595,146.04868530751443,146.3852833893124,146.04399220307917,146.3561970831004,1573093.9218955485
596,146.4007178474237,146.78708085557764,146.35392961369848,146.7109424862009,505343.4520421608
597,146.7785164432341,146.89104075587355,145.81115516687927,145.83549472089385,3060632.696719167
598,145.78634410035025,145.92728739732448,144.91226981200148,144.96527089305727,323357.3349127937
599,144.9195764476819,145.06037060252217,144.67905733745295,144.78387968023787,1805601.4159262688
600,144.9286635599181,145.5716814525984,144.80398157928065,145.5635308666595,3567491.0652413126
601,145.4453339253002,146.44340309620478,145.32006975080805,146.3460870371835,1771275.1587768109
602,146.21878061768612,147.0253578059583,146.20419352082564,146.90793895060725,2785042.985522695
603,146.89568905597085,146.9164436293716,146.01466243170475,146.03131567574638,731733.3189243517
604,146.1183410891774,146.65110156860032,146.08583069164965,146.54702060223636,2565047.565801114
605,146.40047358163412,146.4995789925112,145.58914630871593,145.6725509851476,0.0
606,145.52687843416246,145.68974603945165,145.4711273535104,145.63024774510654,3339379.7730273176
607,145.70950022030638,145.81462692000798,145.45664357842026,145.57494759777057,1182784.846675023
608,145.54935111148004,145.60927447455722,145.2217111899037,145.36611026472048,1258790.6446950797
609,145.43903962415203,146.04815940238385,145.34900870703254,145.96112790544797,0.0
610,146.1070890333534,146.2473052907765,145.70103600095268,145.75627105125892,0.0
611,145.83074439804244,145.8423727910867,145.2125331376995,145.32670888239272,3301214.227794435
612,145.18138217351034,145.48792543495722,145.1616857368951,145.39748741936896,2349140.72030075
613,145.45039851746847,145.57711612847547,144.89187676327543,145.0248583779105,2125136.114797011
614,144.95184837350774,145.27497533812263,144.91098348585183,145.1506243107409,3672539.587807347
615,145.14917169326665,145.20395581559646,144.18524608991407,144.30619307426545,2300776.9988072403
616,144.327278562162,144.4298071046729,144.05913554075096,144.18548253845532,2812241.8547873003
617,144.07082731837215,144.260397912913,143.98386222604302,144.2021810613057,2504742.11694918
618,144.0579788802444,144.5570317756051,144.01249150764087,144.41654592632466,635248.7924648069
619,144.27212938039833,144.5064577598165,144.20385804248806,144.4678139403891,1237208.1487919264
620,144.5036212277141,145.08891506757212,144.37712880297582,145.06227765469706,0.0
621,145.11318512763,145.18755097018274,144.62967464699398,144.6463676015139,1264917.5203802106
622,144.59923518973406,144.69570735117614,144.1676964956862,144.27910320975946,1077173.1243311255
623,144.18085492864677,144.23075582014934,143.74743710399676,143.84401172523178,732313.3678196948
624,143.987855736957,144.02115081137637,142.97105879968458,142.98567139639434,3339442.9604003998
625,142.84268572499795,142.91530565029194,142.35504224922997,142.4830884653625,4267658.215324483
626,142.62557155382785,142.71236293153254,141.58869377810558,141.68906195618757,315977.7515071705
627,141.83075101814376,141.93299369449736,140.82117186887749,140.928071171426,2991736.475960427
628,140.87326427638823,140.9647876300994,140.87147183546466,140.8983705724152,2790251.4123735907
629,140.75747220184277,140.78782920728136,139.94266555506957,140.05760735760163,1602865.2953180883
630,140.07027598210405,140.14444950202432,139.51965191365738,139.55287762235346,4065682.4478593944
631,139.5859983498379,140.37074529369593,139.48821139759954,140.29758380602817,1226545.4556800209
632,140.40539590563625,140.51452532770165,140.24150651503078,140.2672096431083,2848375.675860522
633,140.37282919694564,141.1014140815929,140.34887241522418,141.02253887351588,1035775.5534704854
634,141.16356141238938,141.20203038032818,140.0867763535033,140.1810347265,0.0
635,140.29125540188917,140.9782716752017,140.1597737452679,140.935899910937,1650033.823992275
636,141.00417598561677,141.43776276533472,140.91804441884554,141.3571626132958,2148078.7739494764
637,141.27964631706217,141.34815200509314,141.2380104176,141.2679065474603,0.0
638,141.4031084665132,141.53809171478204,140.35749728569286,140.4249382521117,1692428.4044282718
639,140.28451331385958,141.05170582820904,140.2557262614367,140.9454237888666,1624736.910772995
640,141.00444178857035,141.07426468868462,140.99330657439293,141.0741741939433,236102.43724977458
641,140.9850514681972,141.05572993332376,140.26458612881757,140.27412532057525,194147.38490808662
642,140.3292933818874,140.39187878824592,139.65402105122763,139.68246891534713,2450611.281482393
643,139.82215138426247,140.28401771870242,139.68710967902683,140.15592992613023,1085816.9378559128
644,140.04598079315159,140.7326216132275,140.01083642882276,140.7319351136952,1256956.6702158195
645,140.79350940782956,140.8621083307278,139.81869114980572,139.89216504600435,774301.7034738949
646,139.87298395269923,140.28795505033838,139.77697002957424,140.24951156510875,3032147.8250423386
647,140.30149213877456,140.3591253736567,140.2337922381386,140.25385255047965,3256778.2366329725
648,140.3493157647587,140.56921037890444,140.2839358100782,140.5546907211778,1351971.5275398383
649,140.4141360304566,140.6107283645585,140.2907704300052,140.57381605990807,2159710.926282496
650,140.43324224384816,141.26835491936455,140.4232530535118,141.14461022718052,2536632.912349847
651,141.08670347405067,141.1335065380764,140.27098985293182,140.30237766078457,0.0
652,140.44268003844533,140.8235619043061,140.37437865731567,140.75265341397517,0.0
653,140.61190076056118,141.00242822467212,140.55931967509545,140.95822847726592,2040539.6179283848
654,140.81727024878865,141.54092800197733,140.7122338478509,141.53263296458283,2811580.094273963
655,141.4270509119509,141.63007313316683,141.30580906083333,141.59795777618382,3177238.235625182
656,141.71791459019056,141.8347825849817,141.00946834364203,141.13719295568976,188842.91403555265
657,141.27833014864544,141.4145191703586,140.9515703402486,140.9710458182502,2738209.490513667
658,140.83007477243194,141.52169320488443,140.76071618677761,141.4598003024979,153270.1947598767
659,141.58871426115434,142.09990769732636,141.44992090845196,142.0416334936985,1014098.1824752828
660,141.8995918602048,142.4910365836707,141.76729571276076,142.41129677577723,486493.08187689015
661,142.26888547900145,142.28935744522545,142.14000230263633,142.23152079705952,1327905.476934405
662,142.23444683984647,142.3557524553473,141.2586485768671,141.3828024606633,0.0
663,141.49147094037576,142.2506703899646,141.48163025339403,142.14413908129757,588965.8381676144
664,142.00199494221627,142.55984567211692,141.91403364464605,142.5438781638767,2134529.4900236847
665,142.60681325084792,142.6119445446681,141.81047110591464,141.95217703367547,1773990.8447569716
666,141.98220408838955,142.0142399718388,141.84045047470553,141.9394696495341,646442.0212638014
667,141.89943464274256,142.04037901534193,141.357112810388,141.38364252232472,2532011.2431407943
668,141.52502616484702,141.66368653515556,141.39866569640938,141.51112872932106,509440.7224162036
669,141.65263985805035,142.28987029253858,141.64298716031956,142.27315637804372,2300776.2965679113
670,142.35992710122096,142.48342420562957,141.33864311336512,141.42418959544634,908151.7945672111
671,141.49106072147288,142.32740436000972,141.35675852561687,142.18574908294124,912973.3545286873
672,142.32793483202417,142.40549931368872,141.8543125739859,141.95159728165248,334156.8299335062
673,141.87734807909172,141.92337637721377,141.03617584262054,141.10454929384693,567170.0352753132
674,140.96344474455307,141.6239014803482,140.9171466278572,141.4928725876782,674000.0592079828
675,141.63436546026585,141.7075020897446,141.1807754301843,141.25471496062414,1013870.8358354337
676,141.39596967558475,141.4299216981654,140.41982443965037,140.44620616657483,0.0
677,140.55891563889688,140.80592569013166,140.50678669527355,140.73934451808918,1992582.0110957157
678,140.80159653496173,141.23086258188968,140.72120386241394,141.11782219395752,2498895.5028976854
679,141.0888765012207,141.33748691163237,141.07197613832565,141.2666677475881,1291635.204833236
680,141.40793441533566,142.06776389691197,141.3604077578802,142.02737899081822,1446572.4809422158
681,141.8853516118274,141.91148951347418,141.70923343792825,141.84335222174124,577992.5652066728
682,141.82685196585277,141.8977613967122,141.0395431963048,141.09561607771408,29767.294408859685
683,141.13170840846044,141.16305233788208,140.6734456407146,140.69506876109477,0.0
684,140.63528404148926,140.69309768609014,140.24534404385435,140.30928079109233,0.0
685,140.39089100701926,140.69035121022168,140.33638214384618,140.6213275025084,1743242.6177953302
686,140.5993639191868,141.27436265902864,140.46260135562613,141.1858135010266,1130243.2736686943
687,141.20469066023557,141.9479186365755,141.08731357739867,141.9203177601692,1657180.6844370747
688,141.9060416908921,141.99845513615713,141.20044622141143,141.240835047953,1925564.1012835277
689,141.29011603866434,142.04751578724262,141.21897244712855,142.00140718388084,0.0
690,141.88972026548203,142.0126872084199,141.36558115954097,141.4608298734899,2258893.3335079183
691,141.53744232370587,141.58751858096286,141.26875358233184,141.3074434464287,771453.8249194297
692,141.39219072748645,141.40067859110752,140.69887203064283,140.72867287644226,0.0
693,140.82327330815275,140.96279553193648,140.49726981298818,140.57152108840364,2372321.7623778037
694,140.71209260949203,140.73504180078842,139.62144989262652,139.73270823697484,0.0
695,139.823206998731,139.85255210155793,138.80628748593787,138.8989007165994,792934.0043197119
696,138.7600018158828,138.86142939866141,138.50910150616312,138.6274841227123,656083.2893736946
697,138.49563798019585,138.5375667060047,138.2201610517035,138.3076881393563,899976.0524683357
698,138.36551394544472,138.40628734596382,138.04418280690558,138.129622121934,1166285.2326312459
699,138.22745362483786,138.22876636963852,137.81801496671258,137.85838884844364,1314752.0389851315
700,137.99624723729207,138.0775627008462,137.10287273218668,137.1582046688054,2785065.800657684
701,137.28143934045715,137.35078153534374,136.58071221689556,136.65797505710162,2200773.2756069107
702,136.7719573520247,136.8917661276309,136.63288434627083,136.74379027045174,4006770.7449837076
703,136.60704648018128,137.1129001230651,136.52803337486498,137.0152448483847,2296410.1885305
704,136.8782296035363,137.78416193487635,136.79142614183658,137.75306247310795,2396970.3344724188
705,137.61530941063484,137.9768903979616,137.55055000178072,137.9380320145613,617095.2250695588
706,138.0647645151285,138.76005414100203,137.97217125233342,138.68081878440287,578306.5682997248
707,138.54742772378228,138.90606273761426,138.41550724842136,138.7778037772815,965.1825066714082
708,138.91658158105875,139.5026801321799,138.89485777443852,139.4769348295738,2456238.794920434
709,139.49482349196694,139.53654790558878,139.02848803689736,139.088001201911,3003262.1761910114
710,139.21949742471506,139.31965332539207,138.3061147638453,138.35985755185575,0.0
711,138.4982174094076,138.62347822624233,137.6253501014578,137.7562461465516,1087149.1896155393
712,137.74653898766869,137.81801140549328,137.71709520477353,137.81182599474246,1664458.0230788253
713,137.67401416874773,137.6896731183611,136.8888655250093,136.9894806873273,2194469.0618841336
714,137.0930628563564,137.31483518389845,137.07072437613027,137.2098872727154,0.0
715,137.1016199040862,137.41465805543498,136.98399085183306,137.32069505567532,0.0
716,137.18621598354366,137.21710277926763,136.8423166684333,136.95901728023694,72270.7659211487
717,136.8476342949058,136.94123824885168,136.11596116833024,136.1417608194388,0.0
718,136.1821171130211,136.2726440935704,135.8043179875582,135.87044399832135,2002290.4705206624
719,135.80008200617604,136.69752245834073,135.72535230810902,136.60209694958138,613135.41879228
720,136.5946030223893,136.88509847772673,136.5197612532794,136.75714021225502,1945121.90593803
721,136.89389735246726,137.2091050312064,136.86254965474322,137.194299046455,1417451.186417005
722,137.27972835850989,137.5014227311391,137.2354317611079,137.40659393830063,3156265.640673342
723,137.50976411259865,137.6291382388353,137.39502420585865,137.5151218451148,2278361.1870942814
724,137.6526369669599,137.77885410954443,137.0518365499558,137.10909077846205,2511666.100784748
725,136.988593874891,137.12237305611177,136.6348803738889,136.70897259290277,2609205.4379015462
726,136.57226362030985,136.73180470029482,136.564140807873,136.63107196280006,1922909.7434802833
727,136.76770303476286,136.88106707468947,136.34655475368515,136.39323231901474,2744983.3678929834
728,136.4353572195766,136.89607720116246,136.39407826115735,136.78402912467803,3095336.6163244834
729,136.6972680596994,137.52776464085719,136.5934926371182,137.50951198466623,0.0
730,137.37200247268157,137.44345100554045,136.84983303925227,136.95407821982752,2196007.103148962
731,137.04905256984406,137.3467600683308,136.98141855342524,137.32777204950509,701571.2195150111
732,137.4650998215546,137.88615202628313,137.36788521638755,137.81762405954862,521528.5799416158
733,137.67980643548907,138.14379339669114,137.57866883522553,138.0128795679105,1447576.159711412
734,138.02928279090136,138.76752728340108,137.98791095096425,138.75606938665433,43040.07049922296
735,138.75821873962613,139.51475622088824,138.71899990330573,139.5032612312121,621738.6045902862
736,139.6427644924433,139.76804614170217,139.47833973382288,139.55778240668099,601115.4359471656
737,139.47143486819286,140.37317842766063,139.44503534075795,140.30929142044718,0.0
738,140.28718240024548,140.35341568247762,139.86832055911356,139.89051679712531,591826.4701245421
739,139.91221703796077,139.95259364804252,139.690456321366,139.7696498903657,3959054.9782680413
740,139.62988024047536,139.72737518149282,139.33413365421805,139.468359209215,1724047.3286408528
741,139.57492107897397,139.67326485678737,139.1591725175709,139.25828242649519,1686447.800119482
742,139.21662069943054,139.2844686514881,138.7836827109051,138.86284512418538,2392586.974136596
743,138.7239822790612,139.23881385603892,138.71366064364693,139.23181546253204,0.0
744,139.37104727799456,139.3799993935087,138.58098811151342,138.70238991637135,654189.7485459198
745,138.6782891804119,138.86837087215733,138.62163837485846,138.7338686586039,3363368.0083535146
746,138.69798494944416,139.01567176955146,138.6598432997667,138.9619253168254,0.0
747,138.89250790479565,139.64310138017126,138.75724867845372,139.5206215045772,1206364.1044199397
748,139.51006092828896,139.60045953083767,138.57481106024858,138.68807953980917,0.0
749,138.64322028881062,139.46928291383924,138.61661745374096,139.42064811164812,9790.664938629838
750,139.41718617736538,139.45922904581536,138.46937923530518,138.58870270417802,1345476.8989887137
751,138.71321178150666,138.74351742133274,138.07084883940675,138.20247462537276,1318587.6704314777
752,138.2220460395412,138.26677769728383,138.0119976512766,138.1113574103226,0.0
753,138.2494687677329,138.29013265617138,138.1004747903807,138.12165705773248,2684582.133553103
754,138.19890090801405,138.32137166763962,137.47375522954178,137.50804461234392,0.0
755,137.3705365677316,137.81109946129232,137.33831319321672,137.80894844487028,935481.8964553657
756,137.77120187859285,138.08658822922717,137.75217997618694,137.9762700758928,0.0
757,137.95322362151336,138.36421640521064,137.85348674773658,138.32831412579077,3156425.0371165546
758,138.45772209607483,138.76572678575317,138.32514128529863,138.74792865990824,765293.6133272916
759,138.88667658856812,139.50288877505153,138.77552864300517,139.49507666721505,924041.7114433002
760,139.63457174388225,139.9168084129269,139.50797815214034,139.877221013511,2608953.5594708314
761,139.89932392486705,140.01872742010613,139.45247769073285,139.5564913676738,713176.6097846575
762,139.5932181329146,139.61677741837042,139.11397717812335,139.15038547504992,715287.1301489909
763,139.28531334615147,139.66445975751748,139.27839100425726,139.6053413494521,1930424.8565235327
764,139.5604616632899,140.44552731921132,139.4569565922803,140.35710646483844,1002180.6003682544
765,140.2944808092243,140.38705250030924,140.25754729071517,140.38419807800034,1726257.437608345
766,140.52458227607832,140.5746247691997,140.28215192941934,140.40817240306438,204051.41256375914
767,140.53532057981215,140.58433398153895,139.9090278242887,140.01257104719772,2389044.2211342384
768,139.96862980429643,140.04106924748265,139.84105820744946,139.90832773679801,681923.8640732459
769,139.95661476776186,140.25113385098612,139.8947558521099,140.13560681011944,0.0
770,140.05026943264343,140.2516408472138,140.02663300152625,140.23436875388074,1771607.6831692369
771,140.09573483734516,140.123347433754,139.74639392100738,139.87293568484276,2938919.667667482
772,140.0066251312661,140.58344675284448,139.97160398813304,140.47883639042695,2648998.637390497
773,140.60048852218563,140.7685238365228,140.59389177762878,140.76167621182285,3584031.648750066
774,140.62091453561104,141.59917965012173,140.59426557131349,141.49506163196315,470130.7192820078
775,141.3535665703312,141.4017825020652,140.87881222135508,140.95448129530368,1829707.3687717519
776,141.09543577659898,141.11561629239102,140.9131065563491,141.03703799858323,4461251.807362608
777,141.02642966904037,141.15072695427818,140.146732768926,140.2488659976825,2636121.458379562
778,140.18058245884308,141.10130312311324,140.0979990835498,141.00409644882714,2450812.0129112424
779,141.14510054527597,141.7439954761765,141.09358812733439,141.67846730454244,2408090.3263791604
