Interval,Open,High,Low,Close,Volume
0,124.6378429797573,125.41755522993641,124.62813765185822,125.3093107762646,18736819.587371938
1,125.32871096024091,127.27712622109476,125.22855287211456,127.2250324522293,5857308.20041332
2,127.33358077173148,127.45662878709926,126.98246350622921,127.06926453043643,25904319.405633356
3,127.10824840874392,129.04666875064933,127.01533095675777,128.96752465546516,63887477.888294
4,128.88316868054315,128.9226978288513,127.79376771819878,127.80319743760964,48583912.655254416
5,127.82731574744466,128.0147574843463,127.78233948978215,127.88954952478974,0.0
6,127.90718035488692,128.02319215584652,127.03596072610233,127.06445419631261,12310605.000914661
7,127.16613539968738,128.35272780525784,127.15871262859417,128.30921007569617,41125844.53705977
8,128.39867001258318,128.79203867542245,128.29007587325688,128.70572800386668,33220476.617103703
9,128.74251582263264,130.3481245918415,128.71439243005537,130.32621534154885,34097027.41970752
10,130.38448758554307,130.95783265535277,130.2835449438118,130.91937567654207,30244497.009921823
11,130.78845630086553,130.87726945073032,129.07326810336806,129.09445066208866,5891384.751846828
12,128.96535621142658,129.19680357365397,128.92425272309666,129.1743454318508,12137183.645931957
13,129.26543189939463,130.68275448122142,129.15815759807074,130.61479802654523,36544143.725041345
14,130.50385016862128,131.70666974296202,130.41961806875767,131.66847960588532,0.0
15,131.70207593546073,133.54623755788742,131.67865476384034,133.49893593480684,22657283.642954364
16,133.58239061399536,133.7109872189849,132.5527921212578,132.59778931822945,0.0
17,132.6576130461191,132.75607515918634,131.7049835717098,131.74060238088984,0.0
18,131.64634135021112,133.80145206600835,131.6423752957216,133.67800081599788,9280117.641712153
19,133.66218938651858,135.8005936432746,133.53525819845507,135.72166255331342,23652980.47401794
20,135.5859408907601,136.5524019350868,135.5021593683697,136.53974052071223,21892499.894295257
21,136.5943183689063,136.63193425936237,136.49074943611456,136.52535825111138,28486322.230635006
22,136.57702212760603,137.58888614231176,136.47744965491447,137.5375431698036,17682525.921011243
23,137.4872312547302,137.60737317905262,137.3879832283633,137.41447997669238,23721797.48255018
24,137.50752385097383,137.5581515319949,136.34350604646403,136.36708240038325,13808028.584966676
25,136.25370425119678,136.89877901204108,136.16187121740973,136.8584636887615,0.0
26,136.72160522507275,137.75707189972778,136.67917422761457,137.64760720178134,24841945.920923408
27,137.7852548089831,137.87259080753665,135.6483797820556,135.72889532079276,0.0
28,135.61157970747064,135.74339808521646,133.790469780138,133.8369289485499,37381532.48684871
29,133.70309201960137,133.81816990467235,132.37403002283972,132.39806052967535,39478842.96340596
30,132.530458590205,134.54843756833998,132.4675666989172,134.42215461207954,23804641.191837825
31,134.44726859880484,134.7553476038166,134.3479485003121,134.6916317439268,47115602.298474014
32,134.78239196138517,136.61546257914014,134.65526610097513,136.51257503690874,21326141.591528278
33,136.45504779332458,137.23643636443438,136.3828249642734,137.21228544213173,23876265.946734346
34,137.15090119906404,137.15332941759996,135.18656701586016,135.29964164361309,43608033.44436641
35,135.38707817969913,135.46935488118896,133.3389705009929,133.41365876899224,19559088.033524252
36,133.38110045645513,133.42123291164012,131.750548163811,131.78312957597836,32603592.27601973
37,131.6613077242412,131.77909427831958,131.51659688280975,131.62700893807872,6395384.224274019
38,131.64910086023943,131.75395250821052,130.49845056415074,130.52048853394845,17631508.95602439
39,130.50108392516523,131.8599239807248,130.39825383684502,131.7436146454476,28884866.11459689
40,131.80425013360025,131.81220723230192,131.58992008220773,131.64607271322794,3377606.949299475
41,131.68484006400104,132.38277859107137,131.61030747201906,132.356365073081,31534795.96194207
42,132.22550278909668,132.37382738832494,132.1918738451108,132.30952692315068,35448296.72238586
43,132.33393023846395,132.42201099693744,130.38391221741588,130.4913148749314,37554438.22847574
44,130.36082356005645,130.56670780982375,130.27485782263514,130.47586550934952,27347962.54250451
45,130.60634137485886,130.6105626078266,130.33134252508353,130.4297845989528,24669686.59738563
46,130.29935481435385,130.36475566311532,128.61072235637428,128.64962605588468,36607717.10522768
47,128.63635476923517,128.66514053152454,127.76752039076783,127.76819410553281,7604262.60792736
48,127.79388383598163,129.82699441925038,127.67219930413943,129.7215070511595,15516524.02315675
49,129.85122855821066,130.56946372746327,129.82514148491452,130.48629737173744,32610733.39797279
50,130.5175671587509,130.61382537994626,130.17355891005633,130.2558638999726,29751688.048078418
51,130.36793901184157,130.39442934889544,128.3840441893405,128.44018777806997,14151106.865787597
52,128.56862796584804,128.58160183962232,128.5669135840521,128.57230605475516,22801012.442290828
53,128.56676837049113,130.59836600135608,128.5506427747901,130.5379122185113,34368147.84815512
54,130.6684501307298,130.77434905705042,129.26277934341243,129.31266671760716,12123792.398997592
55,129.18335405088956,130.7227481326178,129.09924871475243,130.70073691813008,13145344.737184385
56,130.61937541899306,131.62484398108663,130.5751084609636,131.50473376299692,20535324.129615497
57,131.42121375121587,131.43429372628276,129.6294917260301,129.67164926406028,247776.76825011522
58,129.60689208790055,129.7500201329528,129.50588298482865,129.704819165687,77105186.70408532
59,129.641165654666,130.92303795474953,129.51859573685283,130.91198545069767,0.0
60,131.04289743614837,131.16848823368514,130.27456982428734,130.37359941363383,7069455.534295831
61,130.3371589273463,130.61165766924896,130.22619170842574,130.58197320893282,0.0
62,130.48948229077317,132.67134727280634,130.44943793858235,132.57830305080103,8583337.450248605
63,132.7038683040672,132.72094439234175,131.04423979813978,131.14116839240472,20775200.002331913
64,131.11853838049848,131.21042998494255,130.7480521883783,130.86510655268526,0.0
65,130.87912495610342,130.9339114319757,130.73605497690994,130.800356011957,35191667.35205604
66,130.73509907698892,130.7823288138015,129.6369869048092,129.69370132127173,11226103.98638304
67,129.59400659383243,130.45505765502014,129.4743044397866,130.4015673535913,0.0
68,130.53196892094488,130.64797401346743,128.57252699913457,128.58386022691317,2979183.144379774
69,128.45527636668626,128.46034522562925,126.74277915362154,126.79149067297615,0.0
70,126.91828216364911,128.73714340690393,126.87614200866606,128.72987183160993,41959147.61616238
71,128.70371013135372,128.72000236922335,128.44841297665184,128.54435266708234,0.0
72,128.6728970197494,128.7599632393744,127.09073608267082,127.1978279813123,14383887.164975435
73,127.20780248172281,127.27810525691892,125.40268635747657,125.42477875259655,24969077.245387103
74,125.55020353134914,126.57397913782343,125.53877064785723,126.5348689950121,28033466.93661733
75,126.5127240693653,126.58814899914333,126.06790406649897,126.11870150198614,22876509.37415598
76,126.1381027072674,126.26951562324918,126.07584069468827,126.23138258853498,28273660.55907762
77,126.22943577270236,126.27398168297854,125.86378044823775,125.94046104258842,46232269.3096871
78,125.90999676603036,125.95772697668075,124.86936585149223,124.91631894974653,22838982.735456027
79,125.0078288759837,125.05590980523878,124.73715960283977,124.79465176323092,36865201.15581022
80,124.66985711146769,124.7560108004722,124.17764439302147,124.30027035069108,7670695.316855779
81,124.40884239511647,124.43076272306787,124.1688008083056,124.27672982130939,5126938.827356506
82,124.15245309148808,124.27379656658127,123.92780697576107,124.0499913710016,16760712.176069217
83,123.96977003914257,124.02244871408985,123.18926336634352,123.30899908128694,14160495.796061715
84,123.36707538546813,123.42969870299865,122.1817937761908,122.26753422459298,35727667.8029121
85,122.30585276519494,124.18944196407003,122.30035338974055,124.13675339218555,7928766.103399517
86,124.2189694597667,124.28064078951343,122.40589226082731,122.40637341360896,0.0
87,122.52877978702256,124.05421681850633,122.42160670617876,123.99247559121771,28949864.570954043
88,124.11646806680892,125.90645034870174,124.0626211565593,125.88806556514017,27642815.794019874
89,125.89662902964521,125.9956122406337,124.07898803749332,124.13327351328546,39766607.27490774
90,124.00914023977218,124.43965791829955,124.00615298974414,124.37682318974349,32535035.712965187
91,124.45438479246233,124.51970653096913,124.2114218294907,124.28813332176617,16106158.729115423
92,124.1638451884444,124.20535472209758,122.49528793770186,122.5556432122884,6334755.9917889945
93,122.46024623620305,124.5072918249646,122.37457262024748,124.42926697383612,13909269.502324928
94,124.55369624080994,124.95463590016696,124.43853565034972,124.95331135015898,22942111.21872181
95,124.92223907916475,126.93203255043971,124.83469695238014,126.863590526975,6479510.656356493
96,126.76786381062065,128.35272700183117,126.72036961351722,128.31234194071294,21425355.339947034
97,128.44065428265364,129.42769619489525,128.33232206596963,129.32869785379836,1323200.663994439
98,129.34945245132673,129.42936357863613,127.78943910626354,127.82671992439754,17795514.37807846
99,127.69889320447314,128.70846745246575,127.62673923077267,128.63301661044287,0.0
100,128.6029160685354,129.93749272604305,128.5523439056805,129.91523600220896,41972115.236355245
101,129.87115702675231,130.1533115565229,129.8211500969973,130.12137924561097,21096952.583578654
102,130.17345816897347,131.51467142099364,130.0568788501004,131.43842574580205,19852396.437215716
103,131.56986417154783,131.7022195294243,131.52515175660577,131.66477586558779,25317809.402171683
104,131.79644064145336,131.80513721782017,131.3139236171339,131.43786493290628,21447977.947461225
105,131.34930209504338,131.35835437211554,131.0740043788593,131.15065649390783,0.0
106,131.01950583741393,131.81980408457278,130.89374970890083,131.73961844923957,42496741.386478245
107,131.77703744731946,132.42477312564273,131.64933808384657,132.40617802121614,0.0
108,132.44164967821152,133.42185652939983,132.3196977793219,133.35067554072597,36565562.114446364
109,133.36852231939457,134.52224316596482,133.27727373523143,134.44095289874718,26206099.244190585
110,134.30651194584843,134.37268224113103,132.45599942606304,132.56693954782773,43012682.325259894
111,132.6644893116213,134.56875405628242,132.54769508595717,134.44469959557046,22608363.62438182
112,134.579144295166,134.6610618670522,133.41530346144236,133.4154115014881,4623567.63544618
113,133.28199608998662,133.3409722008102,131.49787014439002,131.55569348416267,24485266.603579804
114,131.4631101052624,133.2675081669295,131.3804644170837,133.152908049155,0.0
115,133.13010547265978,133.15840491951806,131.20886744044432,131.2968491473277,13650077.949177422
116,131.33054778681282,131.75748300719223,131.30748068190445,131.64282802224625,38226848.601896554
117,131.76340983690602,132.9425718727899,131.72054558273175,132.84443558636232,29942059.81323907
118,132.92102119764482,133.40567773631037,132.82821572181248,133.2969513545498,29651359.394872587
119,133.16365440319527,135.35735839026083,133.1330195830196,135.33478762918912,32567112.76729009
120,135.4701224168183,135.780638072046,135.46128805026945,135.77907394425142,20713406.58275308
121,135.91485301819566,135.96537210913786,134.7568819248523,134.88591909276573,21898045.175105553
122,134.795290207668,136.9652702484886,134.7866423669265,136.94804741657245,29057159.20257633
123,137.0797328381721,137.9595692782746,136.9600242618182,137.93439675426976,39817709.64673039
124,138.0533543586316,138.85824648707523,138.04128528677145,138.81791982515057,2034452.0669350587
125,138.88503770378153,140.998135798887,138.7815572719224,140.94016035439736,11772137.897342976
126,140.85262228304504,140.9796083783154,139.3217247308437,139.4019759586243,30722009.173335996
127,139.30933069291038,139.74597524692484,139.18707603409268,139.6337788769137,0.0
128,139.6662981793114,139.80048968399942,138.03663040671108,138.05058128321423,13975000.4504685
129,138.09513011201437,138.18117804766587,136.69318194400657,136.8180324617988,141397.4533115737
130,136.95485049426057,138.6443759416762,136.90147063378586,138.5281623940268,39615488.39832413
131,138.59835455922436,139.60143618385808,138.48458932668117,139.51966412574325,23784290.108670294
132,139.44226085703596,141.720728233952,139.42853337036425,141.65263288228059,20465901.75424536
133,141.73793329850125,141.86533217808736,141.09088598509925,141.19591763227268,31703664.74893613
134,141.0547217146404,141.1467803385417,139.63545506658735,139.68385718514415,19311974.73007376
135,139.54417332795902,141.00887567296638,139.42646705215938,140.99012561103672,25569540.76367524
136,140.94851924519162,141.1446307993179,140.91825045744335,141.06151815949673,15034582.20223146
137,140.99807997795847,143.02125588628397,140.90727231588272,142.99606165786187,28966292.832998782
138,142.853065596204,143.47764251057657,142.74508208575105,143.4135559403876,26049346.08396585
139,143.39046724844255,145.69967420817716,143.35098934334326,145.60605429537986,13328442.668025907
140,145.60070190119197,147.89937611134783,145.57856868960252,147.83207144157095,32450625.899135955
141,147.95288620627915,148.38321557111152,147.93512546252842,148.33022688463097,30194192.913156003
142,148.45962174280857,148.53148004611617,147.33899624924175,147.4835505652231,27713049.169422716
143,147.5862234702666,147.7323837673489,146.76434951804467,146.86684210139393,25614795.973361693
144,146.80543501996203,146.85177417051108,145.7471135118714,145.87184325835034,19189725.40397534
145,145.83577087589978,145.94558651841174,143.94803188469686,143.9756382495825,0.0
146,143.87519114048433,144.70273588125255,143.7517984492556,144.6676250239351,13949827.872857265
147,144.81229264895902,146.56577044122358,144.67200204809356,146.4440440652708,28670217.22364337
148,146.45765075395008,146.46256804020769,145.93698005954255,145.95762642012755,39171482.570555985
149,146.10358404654767,146.21695688554723,145.46030314949476,145.56016094528115,0.0
150,145.45127246904522,145.51169148178923,145.11231273897684,145.13336909128913,26808371.243377358
151,145.12578946746447,145.12604732171297,144.63359343036797,144.75482697012845,10417500.351921206
152,144.72310585606002,145.28531161683352,144.6669112810863,145.2810376428435,3309522.7441480346
153,145.42631868048633,146.46127693938843,145.28460375669292,146.3573072874781,20398884.254664574
154,146.23562083893958,146.30242851653384,146.04127398439138,146.07911684151878,1273106.6484059505
155,146.22519595836027,146.75655599808374,146.15682025941183,146.6282029470631,36313907.77999459
156,146.69229320614485,148.95917904808027,146.6846127933464,148.86984664419407,0.0
157,148.72097679754987,149.3198712765975,148.67517882641502,149.31006283733277,20625013.530917946
158,149.18894686548455,151.09838796004908,149.08762719439736,151.09764102490428,38390654.239271075
159,151.16113299088033,151.17152016406504,149.35474361860858,149.46084909066684,13061368.681533959
160,149.49934685917296,150.54243455158024,149.44516618095764,150.43652050065873,11823051.31338266
161,150.45588390758854,152.46718298293322,150.32770944321123,152.40244922474628,16668745.206986567
162,152.5162934489477,152.65966635148132,151.88951336519696,152.02159387920156,9123105.041332316
163,151.99629724851343,152.00280544956158,151.98737824697895,152.00192163273525,9440661.003250679
164,152.15392355436796,154.43249337884325,152.12881688835998,154.3257184380663,18056877.298004854
165,154.22792867503452,154.32626943192327,153.48880527034726,153.61455268521334,0.0
166,153.66209911804333,154.99403931431502,153.56371782794477,154.97695264931085,20192956.830454126
167,154.9842294559169,155.0228740249604,154.42563862135617,154.54872514996475,26206064.10744912
168,154.5082829602757,154.52760631216506,152.9229880618482,153.0081261079067,23073614.410169534
169,153.0583532039558,153.063215902882,150.80858980342268,150.87529927989888,36397499.481930815
170,150.7498261513915,152.2768836651041,150.6412459618006,152.12904391783968,5430818.573330848
171,152.21235179159322,152.34638196512847,152.04348030540103,152.1727598369946,13938073.163864197
172,152.1860359332217,153.38758158608962,152.1360879537869,153.264706601017,19519037.02286177
173,153.11144189441598,153.9309067060515,153.0108927468492,153.81549618849948,42286004.53136681
174,153.84405233373462,154.0027533936636,153.79917391829878,153.96280830480677,12064416.366110962
175,153.88841771978628,153.95726850928256,151.7488827491109,151.8166738711602,33160289.77669196
176,151.96849054503133,153.14977475986538,151.8944545190069,153.00049560965337,30118454.089257836
177,152.9062210738295,152.98624690791226,150.72030631404056,150.86777514548257,15238403.813599784
178,150.97109790452524,151.1177715080502,149.49091337533,149.61851342211824,19526478.352840453
179,149.5564892232127,151.35324295955294,149.5106169454178,151.30128461182687,28432332.29474975
180,151.19952064289993,152.56776042294644,151.11910255042625,152.56242635866542,33858185.736064844
181,152.592452800109,152.71376604593777,152.20355760177816,152.31473017056706,4768543.783171931
182,152.46704490073762,153.13983124572727,152.34659939834162,153.0231273743641,26178857.207378346
183,153.17527724110616,153.24899762669003,152.85645875713962,152.95762849948466,0.0
184,152.80467087098518,155.3903083389785,152.67156468045837,155.23863362772346,44698833.34076586
185,155.39387226135116,157.68688336139934,155.3573188985188,157.6119131034901,19847102.300138798
186,157.76235456132505,157.76919002465243,157.5663271140005,157.68105073164003,2472779.0172496513
187,157.7631073034909,159.52702014234086,157.72594407853876,159.39513003996916,11232121.01741051
188,159.5545251700091,159.7026640811131,157.2757201553252,157.31781900753114,37463071.82153306
189,157.31659332007303,157.45399442635875,155.12103382026677,155.1249180588174,11371969.76136003
190,155.12372042525297,155.26551258871527,152.95360973229893,152.96258462369624,16966734.699855044
191,153.11554720831992,153.20071763778483,150.7771720206686,150.83039261229447,0.0
192,150.7304983025746,152.58431931216083,150.64267054042338,152.5380461808338,12033000.224575106
193,152.38550813465295,152.44614115154843,150.34432997983282,150.4144675075392,24588147.229025997
194,150.34929287673373,150.67970861789286,150.29570883316495,150.63890155547554,22036046.220281515
195,150.6283088355518,152.1679288556987,150.52998721641083,152.05060160309927,26568431.9560739
196,152.20265220470236,153.20072993043848,152.07083004046993,153.1554344519061,7729450.020318557
197,153.308589886358,153.41632162521603,151.16209911111332,151.227842576962,16243165.016867999
198,151.20934144728113,151.24309681212358,151.03473659439211,151.14228240883668,61968184.158354804
199,151.24138981762243,151.3559324568468,150.38940524840092,150.5183182103917,0.0
200,150.3677998921813,151.5584301165596,150.32181142176546,151.46253086428467,0.0
201,151.48819153513466,152.95934654977034,151.43047800309736,152.85387022551433,12521175.522801325
202,152.8074884203051,152.91251670331127,152.49586406292477,152.59381788034457,23042728.57037812
203,152.716740104676,152.8534390606216,150.4648152312065,150.48867849201875,33065506.423614603
204,150.42486779692769,150.53466169929555,148.39602864720732,148.51381625379094,27815852.875201657
205,148.36530243753714,148.81067199189258,148.27224864344407,148.6632549777604,14992759.579654165
206,148.51459172278265,148.55276687280852,146.72161389167454,146.84705022461645,35901529.720294416
207,146.8043220728087,146.85847792363336,145.31145823691963,145.42261963152413,34505418.7506918
208,145.2771970118926,145.65024901665285,145.19961293545046,145.63083572277083,31586182.770812154
209,145.57200254333742,146.34790643909912,145.54304201762753,146.31493758080356,2575545.874102233
210,146.3562068585299,146.37978401406477,144.20774357139965,144.2754091443168,34240801.58930777
211,144.4196845534611,144.42674939958565,143.4064542106236,143.4431296228683,14724198.169219062
212,143.3134347072683,143.33389039899015,142.61299771105473,142.62953282502917,18949015.7441041
213,142.49200268708185,143.98236653305653,142.39141474376197,143.91575458404265,9099144.768370429
214,144.0297332357268,144.06858787962116,143.41391516153053,143.4905844834053,20612229.426922232
215,143.52522754162442,143.5462907965237,142.35525259380108,142.38637649089918,63371782.80873211
216,142.33862211883556,142.9359612112258,142.2079479438202,142.8565373616839,14814827.72849397
217,142.9173100316099,142.93107928969812,142.39937705980418,142.51704910558792,5283051.251352811
218,142.57695033574834,142.61891730907197,140.43056001804848,140.53046059220048,28265977.212136023
219,140.45806631285015,140.5212332521961,140.04395494332329,140.0477693120009,18851523.88515766
220,140.1585551029593,140.24844476091988,138.67705616553758,138.7278562246917,22896666.42223425
221,138.6359044638803,140.93330595450982,138.52439377977097,140.84871986669407,13607798.128436986
222,140.94593868579867,140.98827660030582,139.00755961750195,139.05179449196336,24346582.142832384
223,139.19084628645533,140.0962994401471,139.13691625343853,139.99011356276867,25271795.395073857
224,139.93441577860654,140.03779383157092,139.21458636497778,139.35244548130416,162971.19950238243
225,139.31259678675266,139.39019998601404,139.18932601715318,139.37761497924006,0.0
226,139.41159238058006,139.45552838311224,138.18966542352433,138.315148676373,28165586.70479758
227,138.19434776870708,138.24894347677343,136.50235650802463,136.5024627450859,20180503.27616602
228,136.37451011790165,136.494668664123,135.2100149674121,135.2894624008309,17147688.330282282
229,135.4247518632317,136.33710972585172,135.35236919042825,136.20496144235776,37184479.0088744
230,136.16086439611342,136.2107774651564,135.54945863976124,135.5779487645521,6908729.882629462
231,135.56580328188718,135.71541903008617,135.49786735336002,135.71002148080314,33790245.75742328
232,135.8457315022839,135.91724454152126,134.56051883637832,134.6534279834502,25054069.518281076
233,134.51877455546676,134.5375144527729,134.37940788742688,134.3888530817404,36391627.677398875
234,134.4129711268951,135.71857821781558,134.36647782957522,135.5866338458366,33493912.895999424
235,135.52836003126467,135.5329637777365,133.59831732662428,133.6966504995813,11960015.793929735
236,133.72536121434302,135.0112814090905,133.67432372700804,134.95288881170444,20409942.99899098
237,134.81793592289273,134.87972922455614,134.7512953819678,134.80333016250356,12512516.638192665
238,134.88600794322838,134.9511411904036,133.584842822287,133.66656851303932,1637083.5298748352
239,133.68850237145554,134.4733866091392,133.57531505826336,134.3579538604943,0.0
240,134.22923519070557,135.4459851682861,134.21286336135333,135.36648718023454,9716024.765451115
241,135.23112069305432,137.52859794010195,135.18218212772834,137.43596240185943,39016733.081144154
242,137.31301688316643,139.1306884524307,137.18597710052296,139.04238176298213,55513153.89025891
243,139.06517903019991,139.168031779903,136.9809998836189,137.10422769497498,0.0
244,136.99582314632877,137.1031127050661,135.1267037361726,135.1930901462744,10788780.179391434
245,135.1651757866794,137.03850372776162,135.03055369410282,136.98841067680925,15733169.728666315
246,136.98569672620843,139.11492920605522,136.89919086566192,139.0826817733767,46820682.84371409
247,138.95228351264075,140.50201113806128,138.82268101126064,140.36386997867754,16068841.923529472
248,140.38465966746818,142.25468992636905,140.31922858648198,142.2442317796652,22187974.471021347
249,142.30807187807758,143.71511631433307,142.267008848806,143.6692035611037,2424492.8570127636
250,143.6083778276486,145.0007183371804,143.59510838089042,144.88972149380658,37228823.2392115
251,145.0256621794991,145.71970726475016,144.96494620026408,145.60651586985398,0.0
252,145.50607617986637,145.5815009628909,143.53188952775366,143.57686233915877,38807393.90532218
253,143.5452893415694,143.67871076955095,141.53389249986066,141.57550076662253,31389035.15199209
254,141.66378804631265,141.66392132672854,139.5139294654164,139.60203678203163,24076729.004242763
255,139.46994613838598,141.38554608475408,139.33522901894403,141.26967721942762,5314263.186878229
256,141.41094689664703,143.02019275643352,141.29217304406797,142.92351818930348,0.0
257,142.80684683015087,142.8586763917847,142.7951719829933,142.80528878924594,21728173.45721003
258,142.7038212108996,144.15711170295683,142.6027680141052,144.10306688895326,2338823.0833065994
259,144.22687497192334,144.28561942280498,143.87380926431655,143.87419174927805,60528420.91747798
260,143.73031755752876,143.73861173665577,142.03964808709065,142.17173494528447,10494562.713811474
261,142.16691754632626,142.2418327059805,141.80830938938408,141.81218457200657,28225139.062042326
262,141.95399675657856,142.4807670559417,141.8255523053244,142.44702856496534,29015868.415778022
263,142.47446205857437,143.45426319690375,142.38509345943473,143.33487271731713,44786509.767989576
264,143.26707461428762,144.2456381517645,143.25934439388658,144.237762398669,46778061.94562772
265,144.17958772659875,144.22085442637146,142.53913731224904,142.6132734566548,15346881.878011854
266,142.69159149421938,142.7532684642831,142.2422587171956,142.375756447923,10704391.452120863
267,142.23338069147508,143.11553298114526,142.17522395125272,143.02713999588528,41904368.105924696
268,142.9848388370834,143.0554207419716,142.55449779924933,142.63408673987587,0.0
269,142.6391575789725,144.93471208298143,142.63463904206426,144.81466861369117,0.0
270,144.90473074143716,145.64683141843275,144.81364200370615,145.62228768400033,28849554.544631958
271,145.47666539631632,145.5113149483353,144.12188383139713,144.20753386849933,13105969.759215638
272,144.23652310378264,144.26587560094015,143.2365753228373,143.2608867850022,677094.9951335602
273,143.1176258982172,143.13334468489376,142.66373715879806,142.80281108114377,2420637.6895963736
274,142.9456138922249,142.95487678727102,142.7955969932787,142.80078512610473,3458791.62041183
275,142.82919311931158,143.62273703384423,142.78896273761262,143.56433065051658,24750123.981590677
276,143.70789498116707,143.8507732031828,142.81367158352302,142.8581816279085,21841926.817426827
277,142.90384890333198,142.9112443123031,141.09776498018803,141.10111138172107,28941631.15941243
278,141.14435877000238,141.59085513436997,141.12166068133564,141.51010855589996,6906155.071630152
279,141.53282126020818,141.7536366129286,141.50884405299004,141.68263143806848,0.0
280,141.69663170987948,142.0340309549975,141.65785989798178,141.95018225785242,14528966.611116245
281,141.86321591633134,144.2289809941402,141.848060099406,144.12030863851732,27674500.627778824
282,144.05063325610564,145.75181899018207,144.0152023764425,145.6243140767142,12495038.164988704
283,145.4786897626375,145.56310781778086,144.48010442153418,144.4861502454532,7694322.215126896
284,144.37146188480028,144.38041365089694,142.46107358076682,142.4721138321078,17175233.33341847
285,142.4655528242651,142.52170120505,141.4506971763038,141.5241073438063,16061686.863233835
286,141.3825832364625,141.50367098949775,140.75202840491028,140.7835526760069,24287312.794184394
287,140.72777853142756,140.78821349445917,139.36508875048477,139.3932670241174,823748.3219505139
288,139.2538737570933,141.5964189422076,139.16481940487193,141.5243034288936,13334857.58599108
289,141.5132291134839,141.64459585039992,141.25052410317176,141.28843232149472,31563192.908410124
290,141.2617513631814,141.66801097621916,141.15618042433772,141.55985142845978,38374419.047562
291,141.4182915770313,143.86021457800516,141.2947079343415,143.72401045341877,34739647.14754366
292,143.58028644296536,146.02992338977432,143.5675476736252,145.9212550194973,19198091.414670393
293,146.06717627451678,146.47155871903516,145.98862448585314,146.37778434247335,30230603.100554034
294,146.47972540395656,147.53228243448817,146.3979843545666,147.4619123665579,29309272.01816854
295,147.3146209694179,147.44247452973343,146.9483100742323,146.99616117400464,58355246.74932331
296,147.14315733517864,147.219694715376,145.59187482567654,145.66681494238128,18769596.45436209
297,145.81248175732364,145.8130613364515,145.21089986978043,145.28756949999976,0.0
298,145.18829846453275,147.5138866479055,145.1506025288117,147.50871766860095,32347636.00567886
299,147.56962614089497,148.47984680708495,147.4252946386329,148.4103257218748,6402088.6879519
300,148.45695656338575,148.4967593626742,146.59309121926626,146.64450963769386,46549330.73779079
301,146.64325720334654,146.6713351653099,145.41864469360624,145.53912620998358,0.0
302,145.68466533619355,146.49287191368683,145.67844814793716,146.49269427181616,40719021.164183214
303,146.63918696608798,146.69092342890062,144.39556790166878,144.45068803072456,1170445.2888145968
304,144.59513871875527,144.73864349728072,142.32462078764635,142.4371459359809,34650247.157304116
305,142.3999028382471,142.52376393813185,140.59866788897017,140.63498941793955,53689344.11971147
306,140.6772472164398,140.68272096620504,140.15991532501337,140.17872327981456,11570491.831109244
307,140.07201682677965,140.1871077731404,139.81133800504958,139.94122289571288,9558895.905436492
308,140.05791591910815,142.17034086788402,139.92179664253453,142.0806364189505,17229438.777042486
309,141.93855578253155,141.9736453029504,141.013622397052,141.11970667867018,31111047.78866583
310,140.97858697199152,141.81400371987922,140.90662741807097,141.7992517922943,35077809.967337504
311,141.85840240693886,144.07586617715813,141.74300257084445,143.96707075651392,36255927.96154812
312,143.89779752890345,145.13198273681832,143.7684833764979,145.02267251688355,46840139.35724654
313,144.87764984436666,144.88781106199363,142.96562476726135,143.0011573563406,22231304.110698942
314,143.00879231045027,143.81126421124813,142.9457730567758,143.79465266428647,10764968.67173409
315,143.65085801162218,143.68270759547755,143.32756797904025,143.45155050041174,15142467.851288509
316,143.5463534769139,145.13529276663016,143.48597010380828,145.0706669840252,0.0
317,145.19388278383883,145.20244919998567,144.1612036893843,144.24277445854608,14088060.331854414
318,144.3870172330046,146.4590476499822,144.3052732728411,146.44794985947777,41505566.3285589
319,146.5538999799159,146.66164684881437,145.19950330669258,145.2078005527219,19310625.12122027
320,145.06259275216917,147.4915243815746,144.92380855198957,147.4277292181559,47518820.55196661
321,147.3145585939017,149.28605894435788,147.17269267449583,149.19195811516087,33906598.96677917
322,149.34115007327603,149.3693671471226,146.98160685054557,147.11232601400943,56694946.54623608
323,147.13466137484113,148.94072008208607,147.07519117289823,148.88069120699507,10653375.897656286
324,149.0013692966669,149.05485868790183,148.55191327970053,148.63326244196153,26300771.94839687
325,148.48462917951957,149.06745844604367,148.47252143547644,148.9743005543166,34620293.165927365
326,149.1048421756717,150.84455854847045,149.1032283988905,150.75647306469483,40364563.931507096
327,150.7149086602854,151.29021805013966,150.70925358396573,151.14933017426918,17586257.548706003
328,151.10362545229523,151.13845903890544,149.21569610172912,149.23251627599416,56668874.17731057
329,149.38174879227014,149.45829128535115,147.088603264474,147.1523188222976,9670318.504905783
330,147.20194561031374,149.48387756083875,147.07841552802057,149.40197517337012,45701407.76140996
331,149.25257319819676,149.93246442906403,149.2182430877047,149.9104861012713,14230717.292548776
332,149.8682002226909,150.76921436611588,149.84069162577183,150.62659228501838,8267679.974289225
333,150.77721887730337,150.83401416490952,149.41470985348096,149.46047461183,16055744.46738391
334,149.45047039284128,149.46494238453687,147.27873589498057,147.37709957752574,16775610.784891354
335,147.33626680161606,147.43964575718195,146.2664723740938,146.3270607030117,5454144.364220282
336,146.22518408419486,146.2505119187482,144.9515252287999,145.07834107256213,71200664.58924936
337,145.22341941363467,145.4904521159416,145.20401200470482,145.39934761859703,16236171.644716237
338,145.54474696621563,147.34099344613645,145.51093869921934,147.2777191003424,23741243.836056363
339,147.15744596328926,149.5815097652745,147.1344842042051,149.52929256379338,0.0
340,149.54826966687415,149.57654457929158,148.43137285119437,148.57562462061733,23980920.090020116
341,148.62377899566258,148.65878666491585,148.53974893931064,148.58385855094724,30796831.563545868
342,148.67338434462349,148.73019290007102,147.87148916477557,147.92763716454772,32288510.23199299
343,147.81844777954632,147.89711146605205,146.7583275891101,146.7667812777403,14931939.459760237
344,146.63768417265214,148.93690605293068,146.62187427267713,148.8061606113556,23692602.80539173
345,148.8955326192141,149.00155513665263,147.97256250838515,148.0404750230597,24552840.142897606
346,147.9656953694953,147.99913768613706,145.99696348249248,146.0646486871665,0.0
347,146.12507622897505,146.1397449999349,144.770536987104,144.8420749506573,2327344.416721806
348,144.8923664746543,144.975662575256,144.1257705789639,144.22401743130888,27310550.84799775
349,144.18560174235412,146.43133660663966,144.15504403567385,146.41237644186882,55885609.48036611
350,146.52633504786533,146.56817610069754,146.38324057512722,146.50542419228634,22875724.18717256
351,146.5803985249186,146.59778134541563,144.85631923528456,144.87431072509006,40525205.81831165
352,144.85041822156217,147.09100150630925,144.71414808208135,147.08914101684735,3503410.3350980915
353,147.23623015786418,147.25650193948695,146.42451267967897,146.44020747410968,20127873.53098987
354,146.29376726663557,146.29398678168894,145.26797601500022,145.30839917569898,26490096.502551924
355,145.3556876625464,145.38790777543585,143.25976779674494,143.28290118431624,3893382.303434275
356,143.28401983266895,143.74780667056055,143.17462457195688,143.61455263306627,11459603.000505853
357,143.7345383725185,145.84866198185324,143.6077939510405,145.81012381416042,3994955.1272704396
358,145.75325101187894,145.76179538090113,144.93811173389244,145.04298388415964,5010251.6684775
359,144.91323178695148,145.05595607568253,143.23251507999143,143.26966961644277,13362720.878989566
360,143.41293928605918,143.55497233592655,142.11559020629872,142.19058869670693,16115125.01054746
361,142.08251670513806,142.1079433116883,141.21809650852495,141.2467056532331,24814747.361425247
362,141.23364212113532,143.32197010759134,141.21339798779232,143.22917616040868,31412126.04915777
363,143.29792906181376,143.7910858215823,143.2059577613563,143.73359763372588,0.0
364,143.6188784223818,144.09104589865237,143.51867838582356,144.01197286594711,37545135.20314257
365,143.9916681521197,144.41751770502074,143.86302918238297,144.29337211571726,19298455.76810055
366,144.36260933249602,146.13255165908157,144.27469602691218,146.0596907308735,20708196.20869023
367,146.01284129023168,147.89828864950226,145.9420178658475,147.79360774488504,0.0
368,147.66966180619283,149.6474992210852,147.56623162330735,149.58356268041683,20947242.27177861
369,149.69338068770452,151.22527328867363,149.66509160128314,151.18817923216386,20024077.905460525
370,151.26207665851956,153.57208315832756,151.25308798139815,153.49953558956832,9696517.09428297
371,153.51499438445606,155.54598761012397,153.4133675964763,155.4694458386856,49459111.40473057
372,155.3139763928469,157.03778407766302,155.2638593325855,156.98608044353762,14838375.848814778
373,156.82909436309407,158.94728420278233,156.82234611060753,158.89044527111704,9065476.312884774
374,158.89819552804775,159.01974297763647,156.53328775256722,156.67562300638744,7895185.592557136
375,156.77359984367465,156.91699711043628,154.46830802550298,154.49167382314474,35834476.881962374
376,154.38867181693155,156.28044728755992,154.35688361335616,156.13276110682435,36021977.322717026
377,156.22518188127705,156.30841241918276,155.1158160090149,155.18568176082243,21420409.499362048
378,155.29587953310315,156.23237070955386,155.2418694919423,156.11886500817414,0.0
379,156.23484691070757,156.29488972684243,153.82163322777868,153.94267664408204,13090046.467183046
380,153.78873396743796,153.79429661006432,151.86998378037757,152.0085679658567,28758079.605946794
381,152.09419364615212,152.61721101583584,152.01269675618138,152.5402330102048,25436979.13194461
382,152.3876927771946,152.4284869087097,151.45565775845654,151.48662625990735,4207228.21159731
383,151.49238533455272,151.72659256702397,151.43360603705705,151.70387051602881,32537693.568650104
384,151.7859466023917,154.10508131141137,151.68748441757256,154.02311073269712,0.0
385,153.8690876219644,156.46809605923875,153.81068618756663,156.37780736299754,35355093.57722358
386,156.26349895443934,158.8822435012647,156.2474125322021,158.76850246258203,16844912.944496118
387,158.68935645514256,158.89189988863265,158.65249422950214,158.8007936798496,0.0
388,158.81058105455367,159.53851979736282,158.8067507579792,159.45984466098326,44558343.03415357
389,159.31293687097963,159.3772443832472,158.51121273036648,158.611672332995,26573899.096480705
390,158.74955568460686,159.58986110357543,158.67538748826357,159.46125131426083,17684219.9910467
391,159.48582947727647,159.51976145105797,157.86432768766068,157.92326972494496,14162509.937035257
392,158.0220177873039,158.0233870098405,157.59546220056765,157.61277486659785,20531036.088885035
393,157.55175280304468,159.72488080059213,157.4267827029091,159.58811493069706,8151259.669882257
394,159.42852681576636,159.4935468165634,157.2519967360674,157.36356763629166,14310767.09149944
395,157.2388283176323,159.850806097611,157.1692838378046,159.76933298333947,8621087.927610826
396,159.60956365035614,159.71995783559666,158.35797660018997,158.5141790509481,23893169.40215645
397,158.56213651894092,158.59718076342165,157.0964292267525,157.1080519676765,22763082.53984745
398,157.14414027416169,159.5902698177113,157.03684138074524,159.50991100559304,44349208.52780564
399,159.35040109458745,160.16906058187647,159.23858056002032,160.0092451740105,16340102.189615967
400,160.0906992479715,161.7628265641473,160.08234213144203,161.64542734675516,24003979.225533873
401,161.8070727741019,164.02179346089238,161.67942968337314,163.96542620821228,35015459.86449321
402,163.9751230720462,164.03779755775042,163.71767509237088,163.75843231905586,3435746.6981350705
403,163.64776725287882,164.8613163841731,163.58187579760354,164.70743770550044,9705163.525920575
404,164.66347261466908,165.2457888410127,164.64547104007337,165.19378960771343,8142106.372586576
405,165.3589833973211,167.59963073074047,165.1978422587734,167.52936493765134,42718698.71383178
406,167.49473456359675,167.52396987398123,167.3079529599912,167.4651731437659,31435376.87343265
407,167.34065669343775,167.69685177098353,167.19692947130434,167.66900071255125,18691936.309992306
408,167.83666971326377,170.04757446924543,167.6689691997619,169.95559202469687,0.0
409,170.05497196323722,170.19051515862,170.04894917955767,170.14124993554117,0.0
410,170.25024168330455,170.25441361193785,169.76367483518672,169.8105085616512,0.0
411,169.73265408061522,170.95349724464597,169.67691289331202,170.8718046047126,22624425.040036604
412,171.02475999740628,171.1167773823839,169.11052594750365,169.17807800801123,37321508.280603185
413,169.17299588304232,169.17799571299977,166.8427066673451,166.92922922734562,3912457.7511838414
414,167.02303659363776,167.0355021936055,166.9150552377404,166.97276552744546,15018794.378076188
415,166.91635879250944,166.9428976724789,164.80048252649988,164.9497870012541,13593189.651562706
416,165.08641342852923,165.18965699427162,163.58041975206854,163.7023144055891,41942011.489314996
417,163.72492484664357,163.75771065579798,161.99396190664064,162.04413443832115,1616268.9251881167
418,161.95244531388633,161.99614814690756,161.5836044814402,161.65265291326696,32658317.644272752
419,161.63476576664726,161.75926471361535,159.87012720736385,159.94908714347818,0.0
420,159.84097353059434,160.0258301739629,159.8343356569462,160.02389741202026,2587102.1660386827
421,160.12934881523074,160.1999734306858,157.71345505882022,157.7932756130053,48164257.19629328
422,157.6354823373923,157.7748769487325,156.14424521056566,156.14566838770412,2645482.4325285666
423,155.98952271931643,156.07117234728048,153.85246462680877,153.96910640314886,29979978.186383568
424,153.98217850628444,156.35387096900283,153.95841059713467,156.32297741830487,3672719.5375391673
425,156.47930039572316,158.07108400546392,156.32781678965492,158.03724406800464,11587338.926791498
426,157.93114266980484,157.97907782236913,157.26070226210268,157.32938237199383,39974468.8054751
427,157.17205298962185,157.2622100129407,155.35015042797178,155.49785870367145,22285379.762853418
428,155.57036880201645,155.69147729627502,153.80780870949252,153.89572966820344,35061925.28949335
429,153.9769951771659,154.08326811150496,151.6947775995104,151.75053026408355,29422980.503389284
430,151.80844623887188,151.8798981517467,151.73958828598836,151.85536635685247,14369163.55970846
431,151.77216483488368,151.7962624227334,150.8001750693941,150.82149035719814,30305721.068524696
432,150.67066886684094,151.6737287800192,150.6574893121126,151.65033502125604,0.0
433,151.55301365243093,152.1828104990218,151.48978226089062,152.1281291248298,21337316.878450483
434,151.97600099570496,152.11791704254154,151.5201396906309,151.53121316229587,18245771.859311894
435,151.37968194913358,151.4339498589255,151.07781472304902,151.16652863374904,32789281.90381194
436,151.21476720468272,151.26469677410466,150.24271086925455,150.35083179218458,34123032.17423267
437,150.42235857002163,151.58895074249855,150.3431885515994,151.47204268975025,24164390.769757442
438,151.3535826523207,151.4855200505403,150.63500389894247,150.71087285084027,66588097.03589569
439,150.72179229482506,150.79661377207287,149.9642430874312,150.02009729528362,5670514.496883329
440,149.94091926488997,150.65899653014966,149.79842575996048,150.63844470050296,17242519.502038646
441,150.78908314520345,150.8415713557865,150.39540523853873,150.54366664785223,14042482.465797294
442,150.52979416070625,152.89841105403758,150.45854190293065,152.84516973321692,8066668.415654568
443,152.99801490295013,154.2997996009712,152.9082692145911,154.2390563443472,0.0
444,154.20638158412564,154.32745062381457,153.75540557964547,153.87742659635086,29533929.939382732
445,153.95235802908965,155.25608913276085,153.83588260194338,155.20058334478273,2113118.0418850854
446,155.20938474273515,155.31527060387506,154.94680997070327,155.0762989553165,23629724.765024643
447,155.1698333318566,157.50104012971676,155.1463011123606,157.44709666776671,20493747.022473704
448,157.49033177314965,157.58225664943842,155.9836406052746,156.1123776425065,39519868.36889611
449,156.06323684684622,156.16448803983513,154.59209716177784,154.73567778445587,7757009.240638282
450,154.58094210667142,154.62978927138727,153.7663176345352,153.8096753606039,5485131.893386731
451,153.77165595532077,153.88358115789705,151.62601529761682,151.66567549366275,4935298.964840127
452,151.6895478976646,151.77057369841043,150.33614394897023,150.4179506195205,46288571.1200252
453,150.56836857014,152.81295168648288,150.51525034475554,152.71753176533417,18545558.818353783
454,152.8702492970995,153.31315882152603,152.7735673677337,153.2884860303617,13793885.416015938
455,153.41924816365903,154.78140393125327,153.39870729432624,154.7302590044957,13201832.52380914
456,154.8849892635002,155.1087796636458,154.85542716864416,155.08006268744344,38058366.21302041
457,155.15313959186454,155.5584019057383,155.11719022841513,155.5268722883677,0.0
458,155.5656674430934,155.59056246027546,154.31571556076307,154.38664606615293,9153244.350684417
459,154.5082920625377,154.6517162672345,152.11539360978088,152.23460362898317,14017084.125361547
460,152.25439324114595,152.30593370327793,149.96632005537762,150.11255916618092,0.0
461,150.26267172534708,150.2885720547048,147.97928053764025,148.0525983825367,10510702.089921726
462,147.90454578415415,147.9977086157225,147.7401193325772,147.74013719494917,25641931.595662236
463,147.88787733214411,148.0163403093877,147.74289254426137,147.9045997585071,37765044.59309997
464,147.80641022719735,147.85696117742455,147.67011781705867,147.77521811009012,43224418.33662164
465,147.62744289198002,147.67180636314802,147.08463630641563,147.19723933660768,0.0
466,147.30480168672406,147.7456899709588,147.25584151132892,147.68038011668946,31139454.292583995
467,147.63103066541578,147.71550315664646,146.9171790727947,146.9172737806499,18672455.089501508
468,146.88982527510873,146.91767889192562,145.97148968442303,146.0504608988295,3705243.4210239276
469,145.92170141354626,145.92931538759328,145.23258122109397,145.3149462909219,22180025.525217377
470,145.2006829063279,145.4947897788685,145.1629396619578,145.355955935004,17826007.984586377
471,145.46083969600747,147.5595557029975,145.4227652753927,147.54100460854076,21354065.139015477
472,147.5990028827189,149.51915015940463,147.4794441643033,149.370452072507,30615499.183731988
473,149.38406622250298,150.35749436967185,149.3669990950762,150.25397173868802,23188906.9780311
474,150.28572609928625,151.66232303609354,150.15215075297127,151.52693483546886,48260201.49763435
475,151.49607871721076,151.50238994183505,150.32950962024395,150.41175697093064,47705023.026675515
476,150.3417970758395,150.4329694910269,149.36214776745365,149.397534397685,54494931.12695223
477,149.27324254663338,149.36268748603203,148.0061304093836,148.06391857843838,48290619.90533762
478,147.950956544384,148.04026846524613,147.8337494122111,147.912621005474,16587013.872153532
479,147.76470838446852,148.1367783706796,147.73289139975566,148.12787219686354,20849277.778069813
480,148.20446799681014,148.26289408970243,145.93897125604067,146.0630727131134,4531594.69132515
481,146.0865636663929,146.91886255081639,146.05646081376238,146.83328630350397,26257532.662663046
482,146.68645301720048,146.80658466116506,145.7222767364205,145.83273331228295,0.0
483,145.85307272033026,146.31199836631365,145.852818027721,146.25901088821334,13480030.55454713
484,146.3216486170957,146.37624345001754,145.94082749060468,146.0868162543107,834585.860916473
485,146.232903070565,147.86036951035715,146.19278296012592,147.8071746240966,34264974.5626087
486,147.67613637381072,148.34756983233288,147.61010380176305,148.322769535751,2024131.7014554478
487,148.42682155685097,148.44981353129234,147.63331155056835,147.7064608326576,0.0
488,147.5844335228007,148.820492611211,147.51590586068087,148.75615829761517,21748589.094756972
489,148.90491445591277,148.9575674753314,147.18093264427455,147.24353592243986,19877048.587117363
490,147.3555197012515,148.32479203408084,147.26293632647136,148.2416751466281,0.0
491,148.27859194234236,149.56960732006607,148.27754484686997,149.45868879774878,0.0
492,149.51850829372404,149.5753822800183,147.95044054737608,147.96485167263108,12838016.336005863
493,147.95273424550624,147.9879614549375,145.78487440952887,145.90232458157303,36772052.61621564
494,145.88948931368301,146.00851089054296,143.86651972260134,143.8685476832348,30443354.931330428
495,143.84107329219273,143.9664042249129,142.7639262639131,142.78669012292553,23421731.503532108
496,142.86772267483994,143.2338760687991,142.7476791368368,143.15019644191958,48086809.10213345
497,143.12325614975956,143.67534002404753,143.0615438286815,143.53780408701903,13612078.779548768
498,143.60535156437692,143.60566372668043,142.71910383585544,142.78946051366844,8565287.894643594
499,142.6466710531548,143.96998808167928,142.56626960178204,143.8509524561464,50854119.6590997
500,143.88800636493858,143.96201990498358,141.812309104276,141.94270248741782,11440393.373914147
501,142.08464518990522,142.11794181493065,141.94784217182158,141.97584645572462,39221387.920623116
502,142.09887832410334,143.82876341824215,142.03127421025766,143.7069206918355,15395309.659443147
503,143.84777306142715,143.98873138883957,143.5451049264633,143.5825981119284,0.0
504,143.66411101314338,143.6870535628451,141.45971678895862,141.58115658671022,0.0
505,141.7227377432969,143.66645391400152,141.65023170186814,143.5760011493253,22887066.586194284
506,143.43242514817598,144.61999328880665,143.41792919106476,144.60508830117342,18300809.13408843
507,144.54555319969654,144.65886739759733,144.01483159337153,144.14272849034816,27449982.76875188
508,143.9985857618578,144.08121663396076,143.53318085805282,143.564736989669,9634391.872913148
509,143.6596771715753,143.7075092236535,141.5559154458623,141.56354443606887,24729249.541337892
510,141.6962538639789,143.83244381118593,141.6859490277251,143.7277599195199,0.0
511,143.76426122482187,144.0473582407888,143.7445594048136,143.9973259539792,23329388.545930624
512,143.85457643402523,145.51859233723746,143.77468839777657,145.4328345265844,22176532.547962055
513,145.44224089961511,145.49036025419772,145.30027894743992,145.45693541012864,24175258.01839468
514,145.3114784747185,145.32434130297273,143.55665088339794,143.66772846169096,46388278.459373
515,143.59026487693663,144.32146739251544,143.50282880281222,144.19815087096873,42554325.93398239
516,144.05395272009775,144.13801284307752,143.1431746759438,143.27507264239384,16535529.444710039
517,143.41834771503622,143.50088093064085,142.90721913137602,143.00297202440566,49938874.10330365
518,142.85996905238125,144.32862838076667,142.7988534288801,144.19653491838997,2725267.5944527537
519,144.22612467715828,144.31093254530762,142.17204993716575,142.1865355412143,45441257.93400262
520,142.0699571620727,144.38183108691862,141.9774982857978,144.28067856481607,9026803.561316207
521,144.24938123468718,144.37758475616917,143.99740816280075,144.10096355446078,0.0
522,144.22063521464142,146.26900894881726,144.15812214616128,146.18981591827023,0.0
523,146.21215484313066,148.5731356406175,146.14058043217173,148.42475757922912,28513034.193479724
524,148.50962737523335,149.58332205670183,148.39810906558697,149.54364287797912,7549039.64151415
525,149.66716731417884,149.77844225951702,149.29998654553734,149.39476636416117,25133615.13635146
526,149.47747787576702,151.74790320637618,149.40113578444053,151.67870512678437,30306587.62294904
527,151.52702642165758,151.6346007528225,149.5454381068336,149.56440950235626,27272485.81693479
528,149.7139739118586,149.7471165652706,149.41481536837685,149.51867052746803,6561965.560415588
529,149.36915185694056,150.31076014165836,149.32692254749327,150.22906117161176,19222477.646454774
530,150.1170417180404,150.18311641356036,148.0592853658733,148.13497257538077,0.0
531,148.1509436928869,148.22381299667956,147.5279793682553,147.53661116146208,32554367.410316497
532,147.68414777262353,147.8281698319912,146.76798265341645,146.8319622402344,2006289.1401995681
533,146.7513237232319,146.82731976652167,146.54138296007042,146.6781180229453,0.0
534,146.82479614096823,147.66659445625535,146.7150104817759,147.52086388593443,12411765.273369238
535,147.42203842634004,147.86303252321989,147.35562584835066,147.75435219139354,13122212.798217949
536,147.90210654358492,148.01397503504626,147.5869533652516,147.68051735248372,12831131.172600241
537,147.53283683513123,149.20400804274797,147.45744378597414,149.06660643503025,19036673.21183103
538,148.9175398285952,149.02738091418743,146.84998755234085,146.98872164909088,35488654.40478237
539,146.9023478890268,147.84642676584372,146.77889102297905,147.72137767824555,30555588.116015956
540,147.5736563005673,149.07754591567297,147.54170526535225,148.93978511958665,0.0
541,148.82358811997057,148.86689532899683,147.36955460429127,147.4397031694805,43140218.15812293
542,147.45229128292735,149.0515064845388,147.3877823435491,148.90941922687094,25660998.669714417
543,149.01610645712987,149.04629399739574,146.72225050401627,146.8337255212559,32918005.135353107
544,146.94901256301688,147.01811726513722,144.78410427696667,144.7869655418074,0.0
545,144.6421785762656,144.73488505484593,144.4884133955553,144.54351295044168,2955909.141545398
546,144.64747833701298,144.76915464797193,144.61592881211743,144.72173630409944,22678142.958868634
547,144.65293844480348,145.58857029630425,144.54500650280937,145.44464820595482,0.0
548,145.4199966647445,145.7113919084161,145.28738794658267,145.61408412824397,14628775.646357346
549,145.46847004411572,147.18432016650252,145.42533151966495,147.15807377799203,24805030.32913462
550,147.24946763168913,147.27905086260955,146.41588854637465,146.5150455484023,17549264.3578497
551,146.5611922203354,146.69774890848953,145.00556307663885,145.07798550230166,18023023.57228766
552,144.9976438573214,145.55780580918213,144.85475195107873,145.54267523610113,40057453.93532506
553,145.39713256086503,147.7494171901835,145.36526620591428,147.72349121950907,44162358.974540144
554,147.57576772828955,147.6670095429513,146.48467817990743,146.53703649390926,20234472.659911796
555,146.58813594661024,147.63052058401053,146.52176870902042,147.60489376990768,6854890.038217265
556,147.66194775963257,147.8018940965896,145.45018705163525,145.54738424158575,3326302.070394948
557,145.40183685734416,145.94966541006158,145.37080318641347,145.93729736735122,2078300.2081118748
558,145.84052452263802,146.6995372613128,145.7709282776926,146.68867672954505,7115272.6803475395
559,146.81531073568817,146.83395518536747,146.57505432168864,146.5801368565726,19984001.00004959
560,146.6431954487701,146.77638928415692,144.94469082018654,145.05702224536404,21708954.92125885
561,145.14293303143126,145.23840946950398,142.92678063809265,143.03502827350366,20956919.076528728
562,143.10594210145666,144.76172031727535,143.06983194440076,144.64841917861068,17148788.662862144
563,144.79306759778927,145.35669692763702,144.67773919736578,145.2971525760847,14764923.849314582
564,145.1518554235086,145.20510134769555,143.14731394964036,143.27181135447617,27939104.7365551
565,143.1378133666272,144.84183554102003,143.13713611359535,144.73997723958203,26101966.65640263
566,144.59523726234244,144.6530217156838,143.11819037569796,143.21992583304686,0.0
567,143.32694946350404,143.70722595123078,143.2688116240746,143.66783553362475,35159345.06963177
568,143.80446228659454,143.9892183981871,143.74209863956995,143.90280082652393,43560219.80849429
569,143.92003528401247,143.95371448707175,142.4237006607583,142.47380969480795,16671017.820387237
570,142.33133588511313,142.39280005161982,140.40633550675963,140.48782390872452,7235286.358304707
571,140.3473360848158,140.39417337294392,138.4465969950573,138.52952138282043,47107489.40961832
572,138.63072068430444,139.55146196619867,138.5360898334382,139.42265525826713,23519082.835142463
573,139.32366419631217,140.60785649611438,139.22286909770247,140.46759811008693,31646532.656461876
574,140.46714188234515,142.60753099610488,140.44348647654513,142.5328304076245,20243132.54995608
575,142.39029757721687,143.1477209098644,142.33526900099756,143.0614436041647,0.0
576,143.20450504776886,143.2911629959016,142.84208318499074,142.95313661114565,16530260.152439008
577,142.8101834745345,142.8807550916411,141.7278496750494,141.84032314157284,32354764.96833623
578,141.770524604892,141.77684369507517,141.27931602113028,141.35066295283576,30268982.128302544
579,141.36295763911173,141.44181657939248,139.28763693991687,139.3803330509462,29868380.756945018
580,139.26268308631546,139.30237768331628,138.92376455561734,139.04948082545675,15750002.068533301
581,139.11944015229722,140.3150845301382,139.11707546268764,140.24484035573033,18233841.745770603
582,140.28280986729612,140.53156236305847,140.22313937576763,140.47578702100617,18955903.11246953
583,140.57702281669836,140.71317020301842,138.97445139256843,138.99648177320358,14984328.268096082
584,138.90098224548714,138.91136603688588,138.8071624333741,138.86392839859016,23411873.100217886
585,138.72506447019157,138.830943819311,137.6454068285448,137.6554757700162,25488295.857613277
586,137.70268890561888,139.1112230534305,137.60932567472594,139.07969743600376,7015216.187118469
587,139.07916289658863,139.1825767939157,138.28637921485125,138.419507847042,24616131.72151623
588,138.422218925555,139.54499796326087,138.28997830190585,139.53623522642778,19310665.91983182
589,139.49578583536837,141.75041033443583,139.4909764103601,141.6694573210178,0.0
590,141.5989329399297,142.99341033589096,141.50480909399226,142.85995393033457,42435484.72926135
591,142.93560136522197,144.38921867212767,142.8651102074796,144.28406933608002,23772710.97814611
592,144.2246960896238,144.35681051238154,143.82476041317258,143.9573402484202,31293537.438128144
593,143.83103855738784,143.8715530723563,142.869425468868,142.90856930782797,38319718.35794473
594,142.9613306617442,143.0459526421419,141.0644679914958,141.17437676891683,27717307.07832452
595,141.0332023921479,142.61184751175142,141.02642965849176,142.4871361392334,0.0
596,142.460233469499,142.4702441954482,142.2728140535918,142.36995365795107,34472011.394857064
597,142.4774035242875,142.50206679442525,141.08681856714068,141.19495087174846,10130560.357097037
598,141.16903835991226,142.93753469817418,141.0733375068046,142.80067802945655,19393750.93496806
599,142.87515939995367,144.97130106768807,142.8233221833938,144.9421227357242,28341374.90479643
600,144.93248345217822,147.17056541378545,144.86338533239365,147.05742392384286,0.0
601,147.012424635462,147.59166444386,146.92276669666796,147.4919822132024,0.0
602,147.34449023098918,147.4169246593948,147.0452617854014,147.13722579046674,17125508.318790153
603,147.2843630162572,149.0918930523551,147.14423315813062,148.97409026224625,19131725.822979193
604,149.02980059284383,149.1168626713951,146.84597164994514,146.89749508739064,55962648.194152325
605,146.88179285553147,146.94513721137312,145.30604457114796,145.36214767383055,2829244.155107854
606,145.45972845187126,145.5206598479377,143.30323351003457,143.33590046577746,0.0
607,143.4792363662432,143.5663270457144,141.37246281455046,141.39320811853793,27927989.682608966
608,141.38992515508303,141.46884065128435,140.00752159493626,140.07646647562854,40797202.48747321
609,140.12356573594542,140.38894013685638,140.01571789694182,140.32968701058763,53936950.703115806
610,140.2692783280984,140.69801376658583,140.25678715627114,140.5705932309126,6829824.229020502
611,140.7111638241435,141.89847443328281,140.68181854087013,141.86474377752546,33741585.84358226
612,141.97222053759126,143.8255278883619,141.9402554065471,143.68188011239056,4105372.6224362347
613,143.82556199250294,143.8954999251198,142.59864809416806,142.67624948877244,34675786.18801348
614,142.80474019448653,143.82209324610483,142.77867516746318,143.7094812694871,1052489.8393471502
615,143.5657717882176,145.91516854385569,143.54646535343156,145.88748976801602,7679227.400575791
616,145.91655526654287,145.9630624057247,144.673207012597,144.70525118130627,22501368.126090806
617,144.6575139983615,146.03046679815924,144.62387878179936,145.8970373855648,36463783.55412827
618,146.04149805886217,146.1590219204702,145.82031160869806,145.85056952996817,18309197.008638542
619,145.94684720620785,146.03087048458156,143.70921788777804,143.81751406104257,17351560.30236668
620,143.85817632249743,144.4791134436136,143.82060362258503,144.45897781036373,31191364.770940706
621,144.43839008638977,145.60244800569325,144.40174524093254,145.5169818959851,39575339.32630039
622,145.37146491408913,145.41286422304674,143.93286460333002,144.00579995699442,0.0
623,144.1498057569514,144.6934066163313,144.13130442428226,144.5761357361926,0.0
624,144.5364349709219,144.63361575658033,142.78994392493775,142.90445103874495,20078826.48151668
625,142.76154658770622,145.1304794226342,142.760115884136,145.0223447918883,38374527.261674106
626,144.9026029539175,144.92500648786552,144.4035650231008,144.4765801818115,14879532.559707563
627,144.48852043968168,144.6107981061922,142.43536693901245,142.46267716849522,13327797.951780792
628,142.32021449132674,143.011030504314,142.18007209032857,142.90057562385815,20126684.40153392
629,143.00514068376324,143.00842102402268,140.87544453310417,140.90864101763088,47707778.09337726
630,140.8560946939531,140.91531433141722,140.39323629196588,140.5196339829817,41628376.9516998
631,140.39978381501066,142.14828738705663,140.31489088825356,142.09930238657986,0.0
632,142.02761972479905,142.96414514974407,141.91707626076408,142.9373206465454,32714995.879708037
633,142.79438332589885,145.17468367938815,142.69079721932053,145.1225383432241,1530514.4311792664
634,145.2676608815673,146.1569356390101,145.13196854839708,146.15482927351385,32455412.08927796
635,146.00867444424034,146.1438259048338,144.35897605174813,144.46105781675544,27435242.640544645
636,144.3165967589387,144.40968723308953,144.28815907259735,144.37019125697535,0.0
637,144.5145614482323,146.65491022467657,144.40867473158406,146.5340613612634,51202688.04337629
638,146.53105063144983,146.6285903313829,145.7987814859942,145.88571736790155,9732745.807395285
639,145.79850577404636,145.86695153762534,144.7155421046681,144.8425121964269,32046737.78814322
640,144.8640885433204,144.89192981121712,144.36447015886444,144.46923330126197,0.0
641,144.5810635206275,144.5934010200743,144.2991133941948,144.33521804416353,18306628.58475341
642,144.4635136898101,145.482765054307,144.3286486771082,145.40982571756598,51508921.6038962
643,145.35620405957994,145.4890793927239,143.80494932702354,143.91827773427178,40741933.516518965
644,143.93522774856353,145.50988955878336,143.82723515180595,145.40501879476352,0.0
645,145.55042381355827,146.24415719641127,145.46587476832863,146.10587026007448,24682324.815948587
646,145.9597643898144,147.02495677328628,145.9291852000114,146.94375140726308,3381451.514625635
647,147.09069515867031,147.12517498298672,144.8433406922104,144.89545774351024,21062767.435108185
648,144.81264418567636,144.94912811269253,144.68807605853476,144.85685198005356,42508184.21039568
649,144.7119951280735,146.1872863125908,144.62267189393816,146.17668142173477,28352352.28976092
650,146.03050474031303,146.1393480898088,145.8112391755852,145.889003335175,11820175.037582066
651,145.87280005604646,148.18019990411312,145.81022606689183,148.11934619032874,40205015.233096465
652,148.26746553651904,149.16004285621543,148.1742011503933,149.12995547107948,2999006.5169133376
653,149.11260939322355,149.6147980020629,149.01725743544134,149.59222459933946,29747018.107394762
654,149.71456595204253,149.86154999198138,149.67724925182233,149.71789077428292,24629977.014315292
655,149.57828807663526,149.6092643506568,148.50604004415482,148.64841647649232,22853880.454022277
656,148.74686094679845,149.51926197598382,148.7016430515779,149.38879059228827,22090122.846055746
657,149.51631942388886,150.37171041654116,149.51630529523015,150.264711470236,0.0
658,150.1325943190494,150.2149577891115,150.09841134206053,150.1087271004115,56995588.04747461
659,150.1942350227694,152.52951301438821,150.05240241562703,152.40358085450458,45828403.509481974
660,152.2511772736501,153.72807835715716,152.13211334418116,153.62183000831567,24437766.748273887
661,153.66697317984048,153.702291568363,153.48756693057555,153.590018665709,20652494.94558441
662,153.50095509504732,153.6326822225446,153.3472594489061,153.43026924850975,6846372.133577399
663,153.5402485982805,153.795341341599,153.39728128005743,153.679473483291,0.0
664,153.63550094792564,153.65304047232314,152.51721384941538,152.59369892062227,10755699.860199476
665,152.71865007011294,152.7263198689289,150.61009295000113,150.71802474817284,0.0
666,150.64102715061063,150.7269367988482,148.84680340555943,148.847987932643,5920715.983988373
667,148.69913994471037,148.77337361369106,147.8402987943524,147.9801005220549,31018735.019732226
668,147.95435418613852,149.4007076110592,147.8973787393448,149.31744394867536,23289615.495985307
669,149.26169991050958,150.40643739622402,149.17729864010775,150.3832226094635,15867803.290110096
670,150.23283938685404,150.23647017974153,149.45834037241465,149.4979010225999,44232579.269924514
671,149.36931435081684,149.49294427702182,147.63138312462593,147.7100019344278,14026870.418675758
672,147.661915205158,149.34718304440275,147.52900220944667,149.27200385875116,18915183.659926742
673,149.27236195160646,149.2804361817242,149.23753984057134,149.2384809677038,19785715.925510786
674,149.18908844900173,149.31887295337444,147.0172491249941,147.1582003703545,51111797.83595024
675,147.30535857072485,147.3926916635638,146.3677562339396,146.47766208516478,0.0
676,146.62413974724993,146.62436851611622,144.30919372109443,144.43586538229698,37867871.26660111
677,144.2914295169147,144.3688537976371,143.6833100850976,143.79758811808634,748347.6962524652
678,143.65379052996826,143.70476110093568,141.74806358300768,141.79314978175393,0.0
679,141.65135663197216,143.4421160460178,141.52741058015638,143.31759922297368,0.0
680,143.1908812968547,143.21191133733072,143.00582916510558,143.08060906879038,20157031.113988124
681,143.17531993600898,145.34050249219558,143.10222868465505,145.26801735078718,55567795.56636661
682,145.35314173760028,146.4729738133268,145.2381332362218,146.39605708085534,8271515.4024585765
683,146.29752212761875,147.38730498835915,146.19741902601749,147.30208889996055,0.0
684,147.3195140335316,147.4357486613208,145.55070267952362,145.5527189545521,12681281.271683954
685,145.64071240837168,145.76325911838705,145.35521218666557,145.48386473576713,16810783.857404508
686,145.40920401376303,146.8844575789649,145.28104261065175,146.86516744326437,28915527.701608032
687,146.82265534672624,146.85313813496595,145.49910875766125,145.61691584909238,15700843.845939351
688,145.47129893324328,147.61744073743594,145.3582135178445,147.4902780912612,33813380.27786638
689,147.6198535254792,149.74725989216984,147.53419022171562,149.74510114457743,18734467.590853915
690,149.7740188889141,151.00176201492658,149.76333770206867,150.86379440417824,12416066.393955655
691,150.86340334500076,150.95025221011804,148.7457597147487,148.76085806827822,37563735.56811452
692,148.61209721020995,148.64715560278202,148.48609167962607,148.52052320293498,35632488.90113732
693,148.54023813038904,148.6230816988575,148.4385032028957,148.5307091056175,18025102.352111228
694,148.38217839651188,149.45977078939376,148.37858326123467,149.4103566227139,23932758.4139685
695,149.26094626609117,149.83714248961098,149.1677626015108,149.71257140122358,30000967.5351993
696,149.67992136855742,149.76485423590867,149.29696766538763,149.42642571334912,0.0
697,149.45486820012337,149.56962980225433,147.9182451156702,148.05185775774882,0.0
698,148.04296713690883,150.13492452839608,147.9829148025209,150.05702426238597,28249953.47535562
699,150.1114516729059,151.51524662490507,150.0862491579806,151.37953971349182,12676511.168790597
700,151.4010509798413,152.77269782472212,151.28180450529865,152.74635629655467,1033130.4981128275
701,152.68173311375972,152.77623895694168,150.74865302660908,150.81784002032896,10427106.34559062
702,150.85922818082403,152.21576393965185,150.78391976679228,152.12229940849593,35011810.861113146
703,152.27442170790442,152.36025514888138,149.98008672679586,150.00182038839563,19629705.0344731
704,149.92030369037124,149.936829472149,149.48792588060843,149.5781282303201,17400827.69813149
705,149.68218896581158,150.72830129063576,149.53322891425006,150.64481255833005,0.0
706,150.5665494310365,153.076444253809,150.55887525552603,152.9478619566697,34201512.86603774
707,152.79491409471302,152.85673212556173,151.53560885064002,151.61947220941823,18682016.375338197
708,151.55533059837592,152.00880392194568,151.493550083726,151.95968033415392,0.0
709,151.92143441007897,151.9297437588198,150.59412229648524,150.6510440518783,25953153.498529218
710,150.50039300782643,152.69233934475028,150.3934380463385,152.6583493473701,3495502.247596143
711,152.81100769671744,154.14096478778941,152.80603062183184,154.04924432318072,15967826.267083874
712,154.2032935675039,154.3089616397217,153.47834252318953,153.48625077206648,16953902.78599834
713,153.45435145666607,155.0888802320428,153.41574890449695,155.03659767747183,25845971.646460038
714,155.05694375683473,156.0799049869598,154.91301341799428,155.97442944422951,0.0
715,155.89508530920276,157.67627810111367,155.87706412097967,157.53515908468884,18241743.295192488
716,157.37762392560415,157.52141042089121,156.5044896693752,156.50799257099746,15216756.078337815
717,156.35148457842647,156.36455270180707,154.2806344157323,154.3263800394012,24317997.375247285
718,154.17205365936178,155.47334930475063,154.1422940725525,155.3703471137507,35366061.82861694
719,155.36785408606255,155.46503487449905,154.7770162587027,154.92672102761335,15221150.546629421
720,154.79928003630428,155.58839104054724,154.66459848268235,155.4361601131206,21120502.764365807
721,155.50739575357116,156.63607457267057,155.4984470401659,156.63538762463395,25246821.34299821
722,156.50197244666418,159.08418040946634,156.36637399130365,159.03002059673136,31704801.072077036
723,159.08511435428687,161.55390956919436,159.01031202817668,161.46126258265392,14307138.32670471
724,161.4715926526453,162.07191228732776,161.4157797725088,162.0429783074299,46623740.35036966
725,161.97802717977635,162.5760262840475,161.82573442978017,162.4934256777762,39509157.83017771
726,162.33093225209842,164.62768650126625,162.17474585032252,164.61481848606618,19485002.983455967
727,164.64390533700106,165.57132579013486,164.5990317671377,165.5281922925491,5107047.099913711
728,165.38103850735698,166.6296559519261,165.28310517415278,166.5381327818119,7274854.59149549
729,166.54598901598874,166.56444241132866,165.27842382447866,165.34842962411457,54475003.175691515
730,165.44808625931378,165.51848398565576,164.37146148643876,164.45073844370074,32172651.18008637
731,164.50645229949555,165.89659146997656,164.41533189172353,165.75855652407878,33795317.10912343
732,165.73922202675698,166.87849667303715,165.6535126250713,166.8783245400346,44939913.74793196
733,166.7114462154946,168.9868038107202,166.58982643776082,168.89211630461688,44286777.83165903
734,168.79150392819207,169.57207019965242,168.65758381933642,169.56556621042657,32800755.63325659
735,169.7238175811169,171.52648130741747,169.6199896505031,171.40622282677336,25410955.329930924
736,171.2390067503139,172.0840413485497,171.1074703338222,172.07838957335215,332158.04156820476
737,171.9063111837788,172.63211307435515,171.8744967393273,172.49597420778426,37200349.90765668
738,172.55215520899523,172.56447462841638,170.38274729931567,170.46599010923833,9153565.745027672
739,170.29552411912908,170.4800381495515,170.134668638633,170.3323774625461,35981897.30048813
740,170.50270984000863,171.52260683531128,170.34566935764994,171.3567806413384,12474176.148042763
741,171.18542386069706,171.1901525408101,169.28633146622488,169.3880123220172,0.0
742,169.44684716990594,169.60827953723137,167.7124792777429,167.78494575342467,20762127.27097743
743,167.87319587611174,170.3969439931519,167.7981341868785,170.35003254138329,0.0
744,170.1796825088419,172.03116921030895,170.14114203483092,171.88303453484204,13883728.926633189
745,171.77383264267672,171.9069445927232,169.53682231806562,169.54861296818189,16618696.150752869
746,169.3790643552137,169.54599784673374,169.0464935015833,169.12624791690112,0.0
747,168.9682964623493,168.98391801950197,168.56214637899558,168.6284242197051,0.0
748,168.63992819355462,168.75750738236516,166.67393990177365,166.79977469945553,41225710.45450294
749,166.78408018114771,168.17171608041807,166.65875985260308,168.05180696431918,0.0
750,167.93440691552803,168.0238744851274,165.70530421951315,165.82069729828592,25176750.248695187
751,165.8555581066592,166.48393852838817,165.76331471378433,166.3439463149871,36208965.08144343
752,166.4034586946658,168.08057333866685,166.25051943418757,167.91326733765578,49482595.50154926
753,167.95829925752648,168.04641482821305,167.3929270879896,167.4727332573009,16141341.140019286
754,167.64020599055817,167.64394834399062,166.7933282923995,166.86992784979728,20248777.572236843
755,166.72530942585377,166.7758676274099,164.53005306882338,164.59469136071448,38948768.62287574
756,164.56490638692352,164.69168318684146,164.33162076588007,164.3707994781443,39691954.40732372
757,164.5185247250892,167.00508785675973,164.45252903870553,166.88369099039716,25295664.971539132
758,166.8409479561051,166.9987196198117,166.43667012536,166.59218717091485,40285369.672481194
759,166.46910916731974,166.60018441996874,165.9355744376693,166.04797012826225,0.0
760,165.94986688048672,167.06215534436123,165.79533169933626,166.942449859979,33901211.292786255
761,166.77550741011902,166.885712631576,166.75121875934926,166.78693282366157,0.0
762,166.78778693820027,166.88125841334315,166.62943792121516,166.7412295747619,15231403.431498526
763,166.89767864528804,169.31497150627473,166.7478911483141,169.29036008864452,16334815.93544354
764,169.45965044873316,169.99710834751338,169.3453867574308,169.95327866242872,51823528.47643888
765,169.98886725189064,172.57183167421422,169.8358456696148,172.55151480161075,8837666.971098455
766,172.45127036825937,172.6185658194732,171.08507462655749,171.10546075438907,0.0
767,171.27656621514345,171.3378417078897,169.9900802168516,170.0564473070567,50800768.31748131
768,170.22555202705846,170.36354675044112,167.8928257948632,167.96341178354308,44296284.42154483
769,168.06369445412992,168.3042931155085,167.90580312131223,168.2425791598476,27683059.122395076
770,168.2645426563143,170.15449006778172,168.20522063421387,170.0935564456772,53319647.649075106
771,170.1467292899827,170.17870187425657,167.57765851500383,167.72257060533852,15413565.08061311
772,167.6421550243637,167.807658228493,167.43013571499213,167.46270742773444,18574835.367375225
773,167.36704673839708,167.37369824881068,166.70003759438572,166.74162223208407,42789555.905190215
774,166.79396052762013,166.86459454092247,165.5500988798825,165.57266463424114,30989171.056071132
775,165.72545309520515,168.25541754794696,165.7073483521668,168.1039301932177,0.0
776,168.07700895556565,168.15653607153436,165.65718006251544,165.76067835862693,15869882.280338584
777,165.5949176802683,166.43274033830244,165.435687212512,166.41482516521398,1817452.5363923647
778,166.25680585533334,168.49492672552208,166.17435047830745,168.4453055561266,21186796.401357193
779,168.38815205442734,168.4424098357524,168.28696964826003,168.40027093706576,10553903.891101409
